000001_000050/1066691101.mp4 818 0.537 0.483
000001_000050/1066677871.mp4 300 2.436 1.707
000301_000350/20005006.mp4 216 2.256 1.725
000051_000100/1066666534.mp4 743 0.877 0.659
000351_000400/16249069.mp4 457 0.062 0.089
000051_000100/1066649212.mp4 236 1.803 1.269
000251_000300/14817694.mp4 367 1.546 2.099
000151_000200/13595069.mp4 472 0.994 1.351
000201_000250/1033993970.mp4 492 0.247 0.245
000401_000450/1053516593.mp4 360 1.336 1.361
000051_000100/1066671451.mp4 494 1.729 2.337
000101_000150/1066647010.mp4 569 1.188 1.536
000001_000050/1066681090.mp4 438 1.527 2.148
000001_000050/1066683835.mp4 747 1.463 1.785
000201_000250/6371954.mp4 584 1.111 0.761
000151_000200/28934806.mp4 590 0.655 0.618
000301_000350/1013271629.mp4 564 0.810 1.132
000351_000400/1041722245.mp4 450 0.997 1.204
000401_000450/1014955315.mp4 496 0.988 1.336
000401_000450/1007115145.mp4 494 1.005 1.316
000101_000150/4330919.mp4 489 0.559 0.774
000301_000350/1008078802.mp4 500 0.235 0.312
000301_000350/1062623710.mp4 1718 1.717 1.847
000401_000450/34229491.mp4 300 0.327 0.490
000001_000050/1066699906.mp4 504 1.649 1.793
000001_000050/1066676032.mp4 486 0.699 0.586
000001_000050/1066697452.mp4 620 1.670 1.849
000401_000450/136414.mp4 457 0.263 0.234
000101_000150/5509904.mp4 345 0.186 0.136
000251_000300/1040551964.mp4 362 0.748 0.560
000151_000200/1018363822.mp4 493 0.888 0.919
000251_000300/1045107394.mp4 216 1.867 1.253
000101_000150/17680294.mp4 363 2.749 1.960
000101_000150/4914002.mp4 393 0.786 0.771
000351_000400/23888056.mp4 553 0.114 0.100
000451_000500/27455176.mp4 453 2.951 1.976
000001_000050/1066692148.mp4 500 0.911 1.084
000001_000050/1066687822.mp4 816 1.601 1.772
000051_000100/1066672366.mp4 360 0.137 0.105
000001_000050/1066700191.mp4 332 1.863 2.140
000401_000450/14530168.mp4 524 1.307 1.151
000001_000050/1066681906.mp4 375 1.306 1.914
000401_000450/4970336.mp4 451 0.646 0.541
000351_000400/1051271524.mp4 881 0.087 0.073
000301_000350/1052464066.mp4 748 0.868 0.922
000351_000400/1007393980.mp4 337 0.745 0.999
000051_000100/1066660666.mp4 753 1.506 2.020
000351_000400/7048402.mp4 873 0.417 0.288
000001_000050/1066698700.mp4 811 0.159 0.209
000201_000250/1047374146.mp4 465 0.458 0.457
000401_000450/1007362264.mp4 247 0.347 0.263
000201_000250/1017205825.mp4 1199 1.147 0.873
000151_000200/27478582.mp4 845 1.306 1.813
000251_000300/1037751671.mp4 340 1.321 0.998
000001_000050/1066682872.mp4 215 0.925 0.948
000101_000150/17424985.mp4 619 0.460 0.560
000001_000050/1066686817.mp4 665 0.220 0.318
000001_000050/1066686916.mp4 520 1.762 1.527
000351_000400/1043393095.mp4 901 1.600 1.638
000451_000500/34885576.mp4 573 1.619 1.649
000401_000450/1031657909.mp4 548 1.129 1.292
000051_000100/1066670647.mp4 495 1.449 1.451
000101_000150/1064188825.mp4 546 2.404 1.884
000351_000400/1047430801.mp4 211 0.655 0.647
000201_000250/17287753.mp4 432 1.578 2.186
000351_000400/34937437.mp4 280 0.469 0.683
000251_000300/1053924641.mp4 852 1.928 2.347
000101_000150/1914298.mp4 464 1.647 1.500
000451_000500/1035430307.mp4 592 1.281 1.714
000301_000350/1039584020.mp4 274 2.313 1.783
000301_000350/21405715.mp4 366 1.678 1.779
000401_000450/1012286804.mp4 798 0.690 0.919
000001_000050/1066686226.mp4 727 1.818 2.575
000201_000250/27204130.mp4 1125 0.284 0.367
000001_000050/1066688875.mp4 344 1.516 1.054
000251_000300/1007348728.mp4 480 1.194 0.873
000101_000150/1008215557.mp4 823 1.583 2.284
000301_000350/12070676.mp4 733 1.335 0.938
000101_000150/1020350419.mp4 755 1.086 1.478
000301_000350/30888658.mp4 422 1.657 2.129
000051_000100/1066674085.mp4 475 0.245 0.195
000401_000450/1024372685.mp4 712 1.145 1.571
000151_000200/1030970714.mp4 459 0.796 0.961
000101_000150/29791177.mp4 442 2.978 1.986
000001_000050/1066688608.mp4 855 0.689 0.985
000051_000100/1066656241.mp4 870 1.513 1.105
000201_000250/16268263.mp4 620 1.849 1.824
000001_000050/1066698661.mp4 781 1.832 2.585
000401_000450/2815750.mp4 478 2.564 1.891
000201_000250/24760235.mp4 226 0.654 0.719
000051_000100/1066658617.mp4 698 1.760 1.791
000251_000300/1042327741.mp4 467 0.192 0.129
000401_000450/3297833.mp4 532 1.662 2.321
000401_000450/1036531667.mp4 215 0.953 0.831
000101_000150/20842636.mp4 819 0.700 0.694
000051_000100/1066648174.mp4 315 0.053 0.057
000201_000250/1032101210.mp4 386 0.077 0.092
000051_000100/1066671964.mp4 352 0.200 0.172
000101_000150/8488186.mp4 387 0.971 1.438
000451_000500/1034033885.mp4 376 1.330 1.439
000001_000050/1066675321.mp4 542 0.481 0.576
000051_000100/1066664185.mp4 559 0.479 0.445
000401_000450/31834915.mp4 297 0.833 1.100
000151_000200/19842676.mp4 1104 0.728 0.660
000101_000150/1031802353.mp4 277 0.542 0.760
000251_000300/4986020.mp4 361 0.360 0.274
000301_000350/30305005.mp4 329 1.533 1.027
000251_000300/1025545244.mp4 900 1.981 2.045
000351_000400/26353238.mp4 430 1.712 1.652
000001_000050/1066690267.mp4 323 2.130 1.682
000301_000350/1022442505.mp4 385 1.120 1.251
000151_000200/1063716505.mp4 488 2.133 1.893
000351_000400/1041156559.mp4 608 1.359 1.446
000001_000050/1066688050.mp4 961 1.925 1.330
000001_000050/1066697416.mp4 900 1.945 2.196
000001_000050/1066681111.mp4 509 1.770 1.951
000101_000150/1009291637.mp4 277 2.029 1.731
000301_000350/1013412698.mp4 1050 0.814 0.621
000251_000300/1023138472.mp4 237 1.385 1.924
000051_000100/1066649530.mp4 1109 2.824 1.966
000451_000500/1054352375.mp4 762 0.316 0.431
000451_000500/1016476237.mp4 458 0.130 0.167
000301_000350/1010425226.mp4 544 1.082 1.473
000051_000100/1066664959.mp4 326 1.890 1.733
000451_000500/1009475474.mp4 441 1.865 1.908
000451_000500/1009797332.mp4 252 0.698 0.576
000401_000450/1023003001.mp4 530 1.306 0.965
000201_000250/1051100482.mp4 281 0.080 0.069
000051_000100/1066668979.mp4 325 0.095 0.091
000251_000300/1035949715.mp4 895 1.719 2.548
000151_000200/22937485.mp4 239 0.531 0.427
000451_000500/25187204.mp4 288 0.163 0.177
000301_000350/1020076462.mp4 289 1.495 1.618
000251_000300/4149493.mp4 708 1.149 0.892
000251_000300/15414721.mp4 864 1.464 1.019
000251_000300/22989538.mp4 458 0.166 0.238
000101_000150/1038301754.mp4 382 0.465 0.660
000001_000050/1066702081.mp4 361 1.718 1.778
000451_000500/24222799.mp4 258 0.269 0.343
000301_000350/1034591450.mp4 706 1.205 1.064
000051_000100/1066669531.mp4 214 1.891 1.458
000351_000400/1046719264.mp4 700 1.024 1.519
000101_000150/1013989067.mp4 798 0.307 0.405
000251_000300/25535567.mp4 578 0.996 1.381
000351_000400/16856575.mp4 259 1.914 1.910
000151_000200/8249578.mp4 243 0.937 0.628
000351_000400/34299376.mp4 301 0.676 0.526
000351_000400/1035773405.mp4 383 2.576 1.719
000451_000500/8327998.mp4 720 0.859 1.073
000201_000250/13291970.mp4 417 0.346 0.499
000001_000050/1066692064.mp4 580 2.311 1.718
000301_000350/1029509972.mp4 347 0.130 0.094
000151_000200/17728717.mp4 323 1.850 2.609
000251_000300/18253864.mp4 224 0.581 0.841
000051_000100/1066673380.mp4 341 0.750 0.613
000001_000050/1066688599.mp4 444 2.363 1.602
000451_000500/30453916.mp4 581 0.177 0.122
000301_000350/1033292282.mp4 987 1.603 1.265
000151_000200/1034824808.mp4 499 0.786 0.747
000251_000300/13915298.mp4 468 0.062 0.053
000251_000300/4428425.mp4 694 1.722 1.359
000001_000050/1066683055.mp4 418 1.544 1.888
000301_000350/7366465.mp4 900 0.486 0.461
000451_000500/32657722.mp4 621 1.305 1.201
000051_000100/1066674187.mp4 348 1.777 1.202
000151_000200/1054667924.mp4 771 1.990 2.634
000251_000300/1034757818.mp4 300 0.405 0.329
000401_000450/1014488051.mp4 389 1.201 0.903
000101_000150/1023628024.mp4 324 1.916 1.958
000301_000350/28602889.mp4 278 0.142 0.198
000451_000500/1030898738.mp4 283 1.918 2.463
000401_000450/1016766256.mp4 693 0.742 1.107
000301_000350/1045298962.mp4 695 1.104 1.142
000151_000200/7375639.mp4 284 2.062 1.467
000351_000400/1034091932.mp4 955 1.969 2.271
000201_000250/18495580.mp4 404 1.339 0.991
000301_000350/1012863332.mp4 257 1.060 1.227
000301_000350/1013336513.mp4 237 0.868 0.980
000301_000350/22065040.mp4 543 0.896 1.227
000051_000100/1066663486.mp4 460 0.626 0.857
000351_000400/20360299.mp4 615 1.165 1.248
000001_000050/1066680103.mp4 1156 1.766 1.406
000401_000450/1045978798.mp4 361 2.002 1.633
000301_000350/1062124969.mp4 214 0.982 0.925
000001_000050/1066693672.mp4 389 0.457 0.349
000101_000150/31811773.mp4 447 1.665 2.179
000101_000150/3049318.mp4 346 1.411 2.006
000401_000450/1023081154.mp4 391 2.101 1.654
000101_000150/13143023.mp4 302 1.548 1.554
000001_000050/1066710223.mp4 454 1.751 2.606
000301_000350/1014936208.mp4 330 0.437 0.498
000201_000250/15580630.mp4 375 0.747 0.837
000201_000250/1013377637.mp4 452 1.470 1.268
000001_000050/1066686544.mp4 933 0.517 0.595
000301_000350/1034286482.mp4 585 0.475 0.702
000451_000500/1024520012.mp4 750 0.810 0.673
000451_000500/21092212.mp4 570 0.807 0.969
000301_000350/34018990.mp4 352 1.598 1.520
000401_000450/6860992.mp4 870 1.168 1.017
000101_000150/1029204872.mp4 3598 1.639 2.447
000251_000300/1011540398.mp4 566 0.311 0.398
000251_000300/1031643521.mp4 492 1.490 2.114
000051_000100/1066670668.mp4 335 2.078 1.722
000001_000050/1066679443.mp4 283 1.250 1.021
000101_000150/1015659772.mp4 525 1.278 1.256
000101_000150/19815169.mp4 250 0.925 0.837
000051_000100/1066658320.mp4 2100 1.061 0.875
000101_000150/21529711.mp4 270 0.359 0.472
000301_000350/8927224.mp4 524 1.057 0.715
000301_000350/1038151079.mp4 507 1.772 1.586
000101_000150/1029589523.mp4 1097 0.769 0.902
000101_000150/1046501401.mp4 493 0.662 0.703
000451_000500/1038593804.mp4 733 1.631 2.370
000251_000300/25896806.mp4 552 1.199 1.036
000301_000350/1033868441.mp4 284 1.242 1.790
000001_000050/1066686148.mp4 332 1.342 1.654
000351_000400/10465160.mp4 218 2.058 1.380
000351_000400/1046167963.mp4 495 1.027 1.513
000451_000500/1013418857.mp4 348 1.787 1.420
000301_000350/26947003.mp4 350 1.093 0.741
000451_000500/15457801.mp4 1345 1.519 1.271
000451_000500/1031187809.mp4 899 0.450 0.325
000301_000350/1056697.mp4 450 1.519 2.008
000001_000050/1066684741.mp4 529 0.708 0.900
000301_000350/16139329.mp4 543 2.356 1.668
000001_000050/1066697683.mp4 351 1.932 2.198
000451_000500/1055716742.mp4 1366 2.275 1.562
000101_000150/11216936.mp4 318 1.615 1.288
000301_000350/11339273.mp4 324 1.581 1.993
000151_000200/1019887873.mp4 692 0.113 0.083
000101_000150/1032609641.mp4 1268 0.702 0.842
000201_000250/11342828.mp4 458 1.953 2.187
000151_000200/30264181.mp4 455 1.059 1.199
000401_000450/1022027392.mp4 451 1.563 1.203
000401_000450/5097758.mp4 420 1.161 0.924
000101_000150/1012248545.mp4 834 1.946 1.521
000051_000100/1066650727.mp4 325 1.631 1.835
000051_000100/1066655863.mp4 336 1.184 1.723
000101_000150/1055586029.mp4 289 0.587 0.459
000251_000300/1030996745.mp4 296 0.922 1.344
000251_000300/8496460.mp4 961 0.374 0.343
000151_000200/1033822538.mp4 345 2.176 1.598
000401_000450/1024461635.mp4 302 2.255 1.927
000251_000300/5054264.mp4 380 0.811 0.653
000401_000450/1007625028.mp4 867 1.928 1.617
000451_000500/1041020207.mp4 320 1.600 1.096
000201_000250/1016619610.mp4 376 1.088 1.268
000051_000100/1066666732.mp4 540 0.373 0.343
000401_000450/721369.mp4 636 2.133 1.639
000051_000100/1066664203.mp4 298 0.284 0.321
000001_000050/1066692274.mp4 935 0.304 0.395
000301_000350/1027001336.mp4 310 2.128 1.722
000451_000500/7597594.mp4 1271 1.308 1.221
000401_000450/32474650.mp4 375 0.499 0.630
000051_000100/1066657243.mp4 233 1.733 1.569
000051_000100/1066667377.mp4 246 0.078 0.069
000001_000050/1066677178.mp4 228 2.774 1.883
000051_000100/1066657162.mp4 309 1.960 1.813
000301_000350/8237497.mp4 451 1.135 1.169
000101_000150/1034042642.mp4 457 2.196 1.662
000451_000500/32719501.mp4 690 1.962 1.463
000051_000100/1066668088.mp4 240 0.948 1.023
000401_000450/6662090.mp4 413 1.413 1.980
000301_000350/1008874700.mp4 300 1.837 2.288
000201_000250/1016518504.mp4 215 1.078 1.194
000001_000050/1066687165.mp4 277 0.886 0.819
000051_000100/1066660960.mp4 434 1.595 1.093
000351_000400/30482575.mp4 646 1.527 1.535
000101_000150/1040144591.mp4 394 0.909 0.711
000151_000200/1036955849.mp4 386 0.241 0.313
000401_000450/1040812784.mp4 355 0.189 0.242
000451_000500/34916632.mp4 750 0.160 0.179
000201_000250/1047642874.mp4 312 0.109 0.122
000351_000400/1022624821.mp4 378 0.280 0.305
000451_000500/1052728745.mp4 385 2.219 1.970
000001_000050/1066685632.mp4 279 1.526 1.510
000001_000050/1066706428.mp4 362 1.688 1.716
000151_000200/1006914493.mp4 408 1.138 1.319
000351_000400/1052614250.mp4 1080 2.035 1.478
000051_000100/1066647679.mp4 450 1.595 1.787
000201_000250/2725889.mp4 544 1.469 1.600
000101_000150/24513848.mp4 524 1.971 2.770
000001_000050/1066681360.mp4 268 1.052 1.527
000301_000350/4284962.mp4 873 1.789 1.684
000451_000500/15795490.mp4 318 0.669 0.730
000401_000450/1062346711.mp4 331 0.410 0.294
000301_000350/4386362.mp4 467 1.026 1.430
000101_000150/23394631.mp4 350 2.151 1.530
000401_000450/1017459247.mp4 775 0.827 1.023
000301_000350/1043505298.mp4 549 0.274 0.266
000101_000150/1010579336.mp4 2233 1.611 1.611
000351_000400/26579198.mp4 400 1.058 0.964
000301_000350/34812076.mp4 728 1.802 2.069
000351_000400/15761866.mp4 580 1.795 1.727
000251_000300/1038257153.mp4 1763 1.839 1.514
000101_000150/31099876.mp4 442 1.728 2.032
000101_000150/1022790742.mp4 452 1.887 1.492
000301_000350/1047382576.mp4 696 0.924 0.654
000201_000250/13668848.mp4 289 1.459 2.058
000351_000400/16468303.mp4 733 1.847 2.702
000251_000300/1028030960.mp4 486 0.653 0.539
000201_000250/12719201.mp4 259 0.471 0.524
000101_000150/1042926298.mp4 886 0.479 0.392
000151_000200/16557973.mp4 712 0.553 0.640
000401_000450/5680580.mp4 286 1.986 1.713
000351_000400/1030201763.mp4 295 0.306 0.264
000051_000100/1066672558.mp4 363 1.855 2.067
000001_000050/1066680517.mp4 278 1.486 1.411
000351_000400/27530269.mp4 677 0.957 1.261
000301_000350/1022983816.mp4 751 0.692 0.466
000251_000300/1036492829.mp4 467 2.052 1.839
000351_000400/29645587.mp4 528 1.329 1.175
000351_000400/15133456.mp4 270 1.724 2.493
000401_000450/1039512530.mp4 279 1.468 2.181
000351_000400/13327481.mp4 1201 0.889 1.139
000051_000100/1066665532.mp4 1800 1.896 2.430
000001_000050/1066697263.mp4 383 0.849 0.889
000301_000350/1032495902.mp4 360 0.399 0.275
000051_000100/1066647748.mp4 630 1.807 2.404
000051_000100/1066653673.mp4 223 2.345 1.927
000451_000500/13912598.mp4 840 1.444 1.271
000151_000200/10981172.mp4 217 1.399 2.001
000001_000050/1066685524.mp4 1439 1.918 1.567
000351_000400/1014818903.mp4 540 0.110 0.091
000351_000400/1039565993.mp4 516 0.353 0.491
000401_000450/10122476.mp4 802 0.629 0.662
000351_000400/1015108492.mp4 397 1.050 1.540
000401_000450/7693369.mp4 226 0.482 0.628
000401_000450/1056921005.mp4 419 0.413 0.510
000301_000350/1014081338.mp4 380 1.019 0.874
000451_000500/16745362.mp4 458 1.188 1.465
000001_000050/1066677844.mp4 252 1.296 1.202
000451_000500/1021984852.mp4 363 1.639 1.545
000051_000100/1066672555.mp4 390 1.013 1.439
000051_000100/1066670380.mp4 362 0.753 0.637
000051_000100/1066665625.mp4 569 2.813 1.980
000351_000400/1060991797.mp4 259 1.974 2.314
000051_000100/1066658821.mp4 303 1.372 0.931
000401_000450/15302188.mp4 515 2.025 1.479
000151_000200/20043097.mp4 357 0.263 0.298
000051_000100/1066652422.mp4 616 0.246 0.277
000101_000150/9640103.mp4 450 1.578 2.243
000051_000100/1066655533.mp4 360 1.518 1.382
000451_000500/24584204.mp4 1381 1.756 2.501
000401_000450/24836300.mp4 250 0.379 0.401
000051_000100/1066651627.mp4 342 0.429 0.592
000051_000100/1066653802.mp4 752 1.556 2.258
000001_000050/1066695385.mp4 1798 1.061 0.933
000051_000100/1066665163.mp4 599 1.623 1.897
000001_000050/1066688569.mp4 585 0.244 0.305
000201_000250/34397656.mp4 318 1.371 1.755
000251_000300/2176025.mp4 228 0.182 0.248
000351_000400/29317384.mp4 359 0.320 0.238
000301_000350/10162157.mp4 600 1.459 1.472
000301_000350/12885521.mp4 465 1.122 1.310
000351_000400/3439196.mp4 444 1.774 1.497
000201_000250/1016207971.mp4 458 1.663 1.801
000201_000250/1016569606.mp4 1247 2.490 1.978
000201_000250/5996981.mp4 451 1.218 1.030
000151_000200/19783252.mp4 296 1.328 1.664
000401_000450/1058632336.mp4 614 1.269 1.314
000251_000300/1012390457.mp4 450 1.378 0.970
000151_000200/33154579.mp4 401 0.507 0.425
000401_000450/10656137.mp4 506 0.910 1.017
000451_000500/1018194811.mp4 1087 1.128 1.266
000251_000300/1021086361.mp4 600 0.223 0.218
000251_000300/30201787.mp4 520 0.386 0.265
000301_000350/1051781380.mp4 674 1.627 2.199
000051_000100/1066648261.mp4 386 1.552 2.267
000051_000100/1066667254.mp4 702 1.561 1.721
000251_000300/33698989.mp4 1095 2.245 1.691
000051_000100/1066671400.mp4 895 0.085 0.085
000101_000150/6516080.mp4 398 1.155 0.975
000101_000150/2337530.mp4 714 1.811 1.692
000301_000350/1049887360.mp4 870 0.663 0.881
000301_000350/1040787371.mp4 556 1.729 2.180
000101_000150/1008405445.mp4 345 1.251 0.839
000401_000450/1027716065.mp4 480 1.829 1.669
000201_000250/1011433454.mp4 750 1.034 1.181
000301_000350/1006690105.mp4 521 0.082 0.084
000451_000500/1038015560.mp4 492 1.525 2.038
000001_000050/1066684693.mp4 593 2.491 1.834
000401_000450/1010667149.mp4 420 0.337 0.338
000351_000400/1038918020.mp4 390 0.569 0.773
000301_000350/1006726789.mp4 513 2.081 1.399
000001_000050/1066683244.mp4 624 1.072 0.957
000301_000350/1013686334.mp4 650 0.163 0.124
000001_000050/1066689508.mp4 503 1.616 2.415
000451_000500/1039449686.mp4 412 0.649 0.469
000101_000150/13600643.mp4 630 2.000 2.623
000051_000100/1066661431.mp4 361 0.156 0.120
000301_000350/1043589256.mp4 1483 1.409 1.022
000251_000300/1021870129.mp4 366 0.801 0.715
000201_000250/34829896.mp4 517 0.516 0.376
000001_000050/1066695163.mp4 352 2.424 1.965
000351_000400/1024395515.mp4 488 0.590 0.494
000201_000250/23880190.mp4 372 1.410 1.018
000351_000400/1029956273.mp4 521 1.447 2.027
000001_000050/1066695970.mp4 744 1.369 1.927
000251_000300/17278270.mp4 279 1.405 2.063
000051_000100/1066671604.mp4 438 0.615 0.467
000201_000250/1064101981.mp4 750 0.630 0.808
000251_000300/1061161126.mp4 1057 1.399 2.033
000051_000100/1066663363.mp4 358 1.672 2.064
000101_000150/29293627.mp4 315 0.617 0.453
000151_000200/1025090513.mp4 483 0.098 0.128
000251_000300/1033209758.mp4 736 1.447 1.070
000151_000200/5837714.mp4 386 1.823 1.235
000451_000500/27179365.mp4 259 2.347 1.689
000101_000150/1034074547.mp4 511 0.406 0.295
000451_000500/1008369436.mp4 622 0.831 0.696
000301_000350/1052122171.mp4 373 0.928 0.911
000251_000300/1051630030.mp4 328 0.287 0.351
000451_000500/11081384.mp4 601 0.812 0.852
000201_000250/1056698342.mp4 222 2.259 1.560
000301_000350/1762529.mp4 330 0.937 1.384
000051_000100/1066653604.mp4 667 1.828 1.402
000051_000100/1066648480.mp4 258 0.364 0.444
000301_000350/10638830.mp4 403 1.958 1.899
000401_000450/1041578458.mp4 213 0.309 0.278
000251_000300/1015287325.mp4 247 1.865 2.432
000251_000300/30884815.mp4 1108 1.586 1.339
000101_000150/1066647214.mp4 243 0.473 0.552
000201_000250/1010295947.mp4 433 1.595 2.045
000101_000150/22821481.mp4 714 1.401 2.029
000151_000200/1007565259.mp4 258 0.942 1.076
000401_000450/5200865.mp4 287 1.626 1.245
000401_000450/7899742.mp4 504 1.549 1.620
000051_000100/1066659736.mp4 910 0.223 0.187
000301_000350/1014269306.mp4 1380 0.079 0.092
000451_000500/1007696203.mp4 451 0.289 0.304
000101_000150/1015824880.mp4 253 0.627 0.483
000351_000400/29622868.mp4 423 1.772 2.535
000201_000250/1016722357.mp4 623 0.833 1.194
000351_000400/17917126.mp4 347 2.711 1.850
000351_000400/1041770074.mp4 733 1.780 1.858
000051_000100/1066671937.mp4 435 0.474 0.644
000101_000150/1012789046.mp4 232 1.126 1.149
000301_000350/4175371.mp4 747 2.395 1.712
000301_000350/23813278.mp4 552 1.834 2.367
000351_000400/1010454626.mp4 254 0.631 0.721
000401_000450/1048395325.mp4 737 0.205 0.248
000051_000100/1066672534.mp4 313 1.564 1.674
000051_000100/1066658815.mp4 278 2.275 1.920
000051_000100/1066666741.mp4 600 1.278 0.962
000151_000200/7121506.mp4 447 0.517 0.735
000001_000050/1066692295.mp4 660 0.737 0.740
000001_000050/1066681915.mp4 435 1.097 0.760
000001_000050/1066694728.mp4 518 0.196 0.286
000051_000100/1066661872.mp4 556 0.589 0.399
000301_000350/1010926055.mp4 362 1.512 2.104
000101_000150/1017460630.mp4 435 0.249 0.341
000301_000350/1057975348.mp4 560 0.560 0.437
000001_000050/1066695472.mp4 600 1.648 1.479
000051_000100/1066668952.mp4 313 2.161 1.747
000101_000150/1030677128.mp4 644 0.887 0.908
000151_000200/1025388671.mp4 444 0.994 1.478
000251_000300/3276626.mp4 850 2.433 1.718
000351_000400/1027534304.mp4 632 0.635 0.909
000101_000150/1062131872.mp4 620 2.346 1.900
000101_000150/1030664681.mp4 518 1.850 1.575
000451_000500/1048061683.mp4 215 1.845 1.447
000051_000100/1066668271.mp4 300 1.317 1.772
000351_000400/29653957.mp4 558 0.071 0.087
000201_000250/1044383167.mp4 595 1.186 1.421
000351_000400/1062362233.mp4 840 0.361 0.501
000301_000350/27638980.mp4 855 1.411 1.858
000301_000350/1036546181.mp4 436 0.222 0.287
000351_000400/1051984288.mp4 357 0.066 0.066
000301_000350/1052794460.mp4 545 1.705 2.479
000001_000050/1066711123.mp4 252 0.747 0.589
000201_000250/1019302948.mp4 296 1.723 1.874
000301_000350/9813584.mp4 806 1.823 1.476
000001_000050/1066677889.mp4 449 1.722 1.229
000451_000500/1043659582.mp4 357 1.778 1.335
000101_000150/30589345.mp4 559 1.997 1.519
000251_000300/1026156287.mp4 434 1.718 1.234
000051_000100/1066662013.mp4 740 1.816 2.119
000101_000150/1051831294.mp4 787 1.794 1.440
000451_000500/1047341647.mp4 754 0.441 0.338
000451_000500/1056400352.mp4 1692 2.410 1.767
000351_000400/1064189857.mp4 422 1.635 2.040
000151_000200/1063386601.mp4 304 0.613 0.866
000301_000350/25443701.mp4 392 0.073 0.076
000351_000400/34893865.mp4 690 1.629 1.439
000101_000150/1018005361.mp4 355 1.773 1.651
000301_000350/1010356037.mp4 773 2.474 1.841
000051_000100/1066663144.mp4 420 1.507 1.759
000251_000300/8624653.mp4 641 0.102 0.097
000251_000300/11583332.mp4 370 0.082 0.093
000351_000400/1051367167.mp4 259 2.725 1.853
000101_000150/1027935956.mp4 403 0.436 0.445
000001_000050/1066684051.mp4 850 1.291 0.989
000351_000400/11501549.mp4 442 1.239 1.035
000301_000350/31299805.mp4 418 1.497 1.171
000051_000100/1066670602.mp4 365 1.405 1.470
000251_000300/13360607.mp4 834 1.262 1.263
000401_000450/13655534.mp4 445 2.292 1.981
000101_000150/13910615.mp4 222 1.449 1.170
000051_000100/1066670707.mp4 375 2.044 1.784
000151_000200/1053684500.mp4 304 1.118 1.243
000001_000050/1066677862.mp4 300 0.470 0.396
000101_000150/8049157.mp4 453 0.158 0.203
000401_000450/6040139.mp4 609 0.711 0.602
000201_000250/1037781887.mp4 263 0.064 0.052
000001_000050/1066682314.mp4 309 2.057 1.910
000401_000450/1023615652.mp4 250 1.337 1.629
000201_000250/9582410.mp4 821 0.740 1.048
000301_000350/22893820.mp4 847 1.579 2.119
000401_000450/1012559252.mp4 442 0.195 0.258
000351_000400/14395678.mp4 614 2.374 1.863
000101_000150/17769304.mp4 357 0.605 0.415
000001_000050/1066677571.mp4 642 1.309 1.818
000101_000150/1048671280.mp4 223 1.473 2.099
000101_000150/9140075.mp4 605 0.328 0.358
000451_000500/1032691934.mp4 377 0.328 0.414
000301_000350/1040720528.mp4 261 0.603 0.427
000351_000400/1012573829.mp4 415 2.686 1.913
000101_000150/1040598341.mp4 472 0.236 0.201
000301_000350/13760879.mp4 417 1.084 1.239
000051_000100/1066656955.mp4 1068 1.547 1.647
000101_000150/19102936.mp4 1387 1.378 2.062
000151_000200/10394915.mp4 601 1.476 1.853
000051_000100/1066650304.mp4 701 0.172 0.145
000001_000050/1066685026.mp4 405 1.410 0.989
000101_000150/1051805257.mp4 404 0.243 0.325
000451_000500/23980609.mp4 259 1.674 2.273
000001_000050/1066693423.mp4 261 0.677 0.506
000201_000250/9789446.mp4 543 1.799 2.071
000301_000350/2623529.mp4 591 0.177 0.153
000351_000400/12458960.mp4 386 0.884 0.772
000251_000300/34187431.mp4 600 1.602 2.077
000251_000300/4197994.mp4 876 0.636 0.677
000351_000400/1016379508.mp4 288 0.427 0.534
000301_000350/17876158.mp4 600 1.424 1.959
000001_000050/1066691896.mp4 837 1.565 2.161
000251_000300/1039097303.mp4 864 0.551 0.511
000451_000500/25808645.mp4 413 1.591 1.459
000051_000100/1066663153.mp4 500 1.165 1.610
000251_000300/20187397.mp4 216 1.560 1.383
000251_000300/1060582762.mp4 552 0.594 0.700
000151_000200/1051540906.mp4 600 0.778 0.641
000451_000500/1035588608.mp4 740 0.540 0.450
000101_000150/18489478.mp4 335 0.446 0.523
000051_000100/1066670389.mp4 361 0.920 0.946
000101_000150/17464576.mp4 871 0.714 0.678
000101_000150/28362724.mp4 460 0.411 0.331
000101_000150/1040294336.mp4 468 0.156 0.182
000001_000050/1066701895.mp4 483 1.955 2.431
000401_000450/2611679.mp4 423 1.486 0.991
000051_000100/1066674421.mp4 371 0.074 0.087
000051_000100/1066658236.mp4 434 0.488 0.574
000251_000300/27031261.mp4 276 0.160 0.190
000101_000150/7622521.mp4 638 0.223 0.241
000151_000200/1049513209.mp4 1044 1.762 1.530
000201_000250/11058806.mp4 545 1.944 1.692
000451_000500/1049230405.mp4 258 0.395 0.450
000351_000400/5236010.mp4 218 0.743 0.567
000351_000400/34630702.mp4 545 1.660 1.853
000151_000200/1033657076.mp4 534 0.176 0.208
000201_000250/1026922781.mp4 341 0.430 0.516
000401_000450/28831879.mp4 926 1.377 1.237
000001_000050/1066682563.mp4 300 0.126 0.186
000301_000350/1013133203.mp4 1004 0.312 0.360
000151_000200/1040095322.mp4 320 0.197 0.295
000301_000350/1059207419.mp4 688 1.362 1.671
000101_000150/8350897.mp4 500 0.670 0.464
000001_000050/1066677916.mp4 449 0.687 0.864
000451_000500/1061232763.mp4 288 0.660 0.841
000051_000100/1066667785.mp4 228 0.902 1.201
000151_000200/4298984.mp4 907 1.550 1.102
000101_000150/1029257780.mp4 394 1.857 2.322
000051_000100/1066668139.mp4 335 1.353 1.307
000101_000150/1016170234.mp4 648 1.808 1.992
000051_000100/1066662622.mp4 999 0.338 0.477
000101_000150/1052596835.mp4 776 1.383 1.745
000351_000400/11264354.mp4 827 0.300 0.262
000451_000500/9636572.mp4 428 0.774 0.814
000101_000150/1022408503.mp4 403 2.092 1.801
000151_000200/8621596.mp4 600 1.043 0.857
000251_000300/18613349.mp4 292 0.321 0.420
000201_000250/26198081.mp4 334 1.318 1.840
000101_000150/1059593900.mp4 500 0.910 1.002
000201_000250/1029152399.mp4 211 0.123 0.132
000051_000100/1066671799.mp4 650 1.920 1.614
000001_000050/1066683082.mp4 327 1.295 1.125
000251_000300/1028362118.mp4 1737 1.015 1.449
000151_000200/1014249185.mp4 600 1.806 2.214
000301_000350/1039650329.mp4 748 0.281 0.205
000451_000500/1042258864.mp4 982 1.987 2.055
000251_000300/1040635874.mp4 687 1.536 2.024
000351_000400/30878650.mp4 558 2.882 1.991
000101_000150/1029755765.mp4 712 0.152 0.206
000351_000400/26877097.mp4 721 1.333 1.671
000151_000200/1054414388.mp4 398 1.739 1.379
000351_000400/29920720.mp4 330 0.439 0.358
000351_000400/400057.mp4 485 0.568 0.460
000351_000400/1040549411.mp4 450 1.795 1.318
000101_000150/1039801838.mp4 500 1.264 1.717
000051_000100/1066654765.mp4 295 0.373 0.483
000151_000200/1008372190.mp4 308 0.220 0.251
000451_000500/25720778.mp4 498 0.942 1.356
000001_000050/1066682311.mp4 750 0.218 0.302
000401_000450/1056161141.mp4 375 2.480 1.789
000251_000300/1020231223.mp4 259 1.355 1.357
000301_000350/28870684.mp4 382 0.848 1.228
000101_000150/1013254901.mp4 362 1.041 1.252
000351_000400/2793718.mp4 300 0.456 0.570
000401_000450/1042533016.mp4 436 0.397 0.278
000301_000350/1038356381.mp4 211 0.196 0.166
000251_000300/1009795760.mp4 859 1.164 1.548
000301_000350/1024925135.mp4 379 0.982 0.916
000001_000050/1066688107.mp4 904 1.597 1.391
000251_000300/4874081.mp4 468 2.044 1.622
000051_000100/1066658554.mp4 615 0.132 0.195
000001_000050/1066682758.mp4 232 1.364 2.014
000051_000100/1066674205.mp4 919 1.994 1.668
000251_000300/1039098527.mp4 750 1.028 1.130
000301_000350/1060659076.mp4 455 0.054 0.054
000051_000100/1066655734.mp4 451 0.494 0.600
000201_000250/10129199.mp4 539 1.343 1.860
000001_000050/1066690933.mp4 1407 0.989 1.443
000101_000150/34319098.mp4 553 1.262 1.691
000451_000500/1038824117.mp4 427 0.602 0.576
000301_000350/8648245.mp4 246 0.989 0.820
000001_000050/1066684900.mp4 288 1.613 2.118
000001_000050/1066699411.mp4 957 0.548 0.691
000301_000350/31930789.mp4 354 1.238 1.117
000201_000250/25757774.mp4 1470 0.669 0.513
000151_000200/23551339.mp4 289 1.757 1.376
000351_000400/8014165.mp4 615 0.317 0.399
000301_000350/33848749.mp4 227 0.614 0.540
000401_000450/1021644619.mp4 472 0.241 0.282
000051_000100/1066673596.mp4 587 0.135 0.160
000051_000100/1066663993.mp4 756 0.540 0.613
000351_000400/1009588178.mp4 402 0.210 0.302
000151_000200/8136097.mp4 541 2.376 1.685
000201_000250/1023625612.mp4 248 1.280 1.867
000201_000250/24754865.mp4 491 1.355 0.999
000351_000400/1055100095.mp4 756 1.263 1.422
000051_000100/1066663384.mp4 390 1.790 1.494
000001_000050/1066677943.mp4 596 1.945 1.637
000001_000050/1066686910.mp4 294 0.676 0.631
000151_000200/1009661363.mp4 404 1.640 1.308
000101_000150/1035256724.mp4 640 0.337 0.474
000451_000500/1031138486.mp4 287 1.146 0.901
000301_000350/1012392374.mp4 353 1.796 1.764
000251_000300/6138167.mp4 664 1.092 0.756
000201_000250/1029925208.mp4 489 0.432 0.363
000401_000450/8751571.mp4 694 0.300 0.335
000151_000200/1034994353.mp4 667 1.398 1.093
000351_000400/1009324904.mp4 1644 0.567 0.415
000101_000150/1039398329.mp4 368 2.203 1.573
000201_000250/1014470774.mp4 395 0.295 0.227
000201_000250/1007273395.mp4 662 0.915 0.942
000301_000350/1026712223.mp4 838 1.443 1.644
000151_000200/1041884119.mp4 276 1.684 1.357
000201_000250/1021521247.mp4 470 1.879 2.061
000101_000150/30294892.mp4 420 1.124 1.330
000051_000100/1066652296.mp4 578 1.253 1.039
000251_000300/6938746.mp4 776 0.229 0.243
000101_000150/1018564678.mp4 334 1.178 0.943
000051_000100/1066652944.mp4 328 1.170 1.209
000051_000100/1066669114.mp4 259 0.792 0.613
000301_000350/30700534.mp4 464 2.372 1.821
000201_000250/1015490332.mp4 483 1.960 1.416
000051_000100/1066651870.mp4 384 1.083 1.206
000101_000150/23266093.mp4 765 0.840 1.042
000351_000400/1008012760.mp4 329 0.321 0.238
000051_000100/1066666873.mp4 488 1.886 2.625
000351_000400/1016468230.mp4 997 0.744 0.852
000151_000200/1017848860.mp4 330 1.888 2.143
000151_000200/1009224428.mp4 661 2.245 1.942
000001_000050/1066677997.mp4 658 0.913 0.968
000051_000100/1066668832.mp4 450 0.834 1.100
000451_000500/1061034565.mp4 771 1.417 1.604
000001_000050/1066708486.mp4 305 1.062 1.349
000051_000100/1066666537.mp4 499 1.828 1.628
000151_000200/1008780974.mp4 321 1.209 1.120
000001_000050/1066675864.mp4 818 1.588 1.851
000451_000500/31748656.mp4 696 1.313 1.804
000101_000150/10131341.mp4 216 0.691 0.932
000051_000100/1066658524.mp4 234 1.876 1.524
000351_000400/9377903.mp4 235 0.814 0.880
000051_000100/1066660648.mp4 414 0.280 0.262
000001_000050/1066677835.mp4 300 2.220 1.960
000251_000300/5141825.mp4 229 1.038 1.043
000451_000500/1021663273.mp4 479 1.850 1.655
000451_000500/28622080.mp4 533 1.491 1.363
000051_000100/1066658914.mp4 469 0.972 0.994
000301_000350/1058966852.mp4 502 2.120 1.788
000451_000500/21978274.mp4 330 1.048 0.803
000251_000300/3398198.mp4 815 1.304 1.717
000101_000150/1023681358.mp4 402 1.877 2.287
000451_000500/1036707203.mp4 375 0.358 0.498
000301_000350/8725678.mp4 247 2.012 1.832
000301_000350/1044204268.mp4 668 2.378 1.714
000401_000450/1040469176.mp4 463 1.635 1.124
000151_000200/1048935754.mp4 410 0.392 0.419
000151_000200/1014470093.mp4 2111 1.517 1.690
000401_000450/21884443.mp4 904 0.191 0.135
000101_000150/17009950.mp4 348 0.817 0.893
000151_000200/2610182.mp4 723 0.546 0.480
000451_000500/1064957959.mp4 224 0.433 0.305
000001_000050/1066697407.mp4 450 0.802 0.537
000051_000100/1066671904.mp4 338 1.713 1.520
000301_000350/6560789.mp4 355 0.591 0.868
000101_000150/17783851.mp4 343 1.757 2.208
000201_000250/1045329655.mp4 900 0.734 0.957
000301_000350/23802745.mp4 350 0.290 0.239
000201_000250/16443805.mp4 445 1.362 1.832
000151_000200/10438487.mp4 351 0.480 0.584
000351_000400/17569951.mp4 319 1.502 2.038
000001_000050/1066705168.mp4 631 1.688 2.438
000151_000200/17977549.mp4 301 0.919 1.242
000151_000200/6376433.mp4 499 0.839 0.645
000201_000250/1025519759.mp4 377 1.942 1.456
000451_000500/502681.mp4 885 1.771 2.574
000051_000100/1066654198.mp4 217 0.499 0.398
000001_000050/1066681267.mp4 435 0.312 0.356
000401_000450/1039613783.mp4 600 1.687 2.484
000301_000350/14881915.mp4 344 2.322 1.653
000251_000300/28435477.mp4 358 2.307 1.910
000351_000400/24715277.mp4 362 2.624 1.765
000151_000200/1058957450.mp4 231 1.378 1.497
000201_000250/1022466439.mp4 715 1.500 1.018
000401_000450/1042168201.mp4 603 0.081 0.096
000351_000400/1056361.mp4 428 0.276 0.396
000351_000400/29628388.mp4 667 1.491 1.648
000301_000350/6352286.mp4 663 1.686 2.295
000001_000050/1066675999.mp4 480 0.615 0.609
000151_000200/32428294.mp4 425 0.222 0.176
000401_000450/1012333550.mp4 299 0.623 0.842
000151_000200/15759457.mp4 340 1.292 1.765
000051_000100/1066659937.mp4 353 0.375 0.493
000051_000100/1066663966.mp4 328 1.088 1.452
000401_000450/1064420887.mp4 309 1.967 1.858
000001_000050/1066680901.mp4 605 0.650 0.444
000251_000300/1057177066.mp4 348 0.925 1.318
000201_000250/1010421464.mp4 1300 2.356 1.594
000301_000350/15688948.mp4 1185 0.425 0.589
000301_000350/16106788.mp4 476 0.237 0.332
000201_000250/1054878035.mp4 414 1.170 0.870
000001_000050/1066675906.mp4 400 1.791 1.608
000001_000050/1066693948.mp4 963 1.131 0.886
000351_000400/1017125509.mp4 916 0.185 0.141
000401_000450/5107739.mp4 324 2.144 1.781
000301_000350/1020458092.mp4 541 0.515 0.369
000001_000050/1066680136.mp4 1093 0.086 0.070
000351_000400/1034974103.mp4 325 1.819 1.340
000251_000300/1014866329.mp4 453 1.197 1.735
000051_000100/1066649455.mp4 290 0.856 0.809
000351_000400/1061040784.mp4 679 1.052 1.347
000301_000350/1009431500.mp4 228 1.814 1.345
000201_000250/1027906577.mp4 361 0.728 0.514
000301_000350/1045390018.mp4 346 1.000 0.687
000051_000100/1066650982.mp4 485 0.943 0.988
000301_000350/1022383108.mp4 529 0.663 0.557
000451_000500/1031397587.mp4 474 1.012 0.867
000251_000300/1034661167.mp4 601 1.230 1.610
000001_000050/1066708030.mp4 336 1.001 1.434
000351_000400/11703131.mp4 635 1.564 1.078
000451_000500/21125884.mp4 742 0.438 0.541
000201_000250/1037736851.mp4 1424 2.176 1.896
000101_000150/1016676856.mp4 1172 1.286 1.886
000251_000300/1017022252.mp4 311 0.680 0.808
000001_000050/1066705327.mp4 260 0.124 0.136
000001_000050/1066707130.mp4 335 0.498 0.611
000301_000350/1019301073.mp4 633 1.349 1.109
000101_000150/1018924585.mp4 517 0.866 0.950
000101_000150/16824721.mp4 235 0.542 0.399
000001_000050/1066675456.mp4 335 1.860 1.554
000351_000400/1018278631.mp4 423 1.759 2.349
000251_000300/1031045228.mp4 600 0.130 0.192
000401_000450/1029344861.mp4 355 1.040 0.947
000151_000200/1034457497.mp4 571 0.246 0.364
000051_000100/1066671733.mp4 236 1.000 0.725
000001_000050/1066688452.mp4 383 1.754 2.567
000151_000200/1031891999.mp4 602 0.680 0.478
000401_000450/1030061840.mp4 337 1.887 2.275
000451_000500/24788231.mp4 690 1.386 2.017
000101_000150/26524679.mp4 300 0.561 0.701
000301_000350/1046303800.mp4 1006 1.910 2.426
000001_000050/1066684597.mp4 330 2.133 1.764
000351_000400/1055804888.mp4 261 1.697 1.495
000151_000200/18235519.mp4 277 1.786 2.321
000201_000250/1037904905.mp4 1083 1.846 1.434
000301_000350/1023048562.mp4 749 0.440 0.380
000251_000300/1034606081.mp4 347 2.237 1.770
000001_000050/1066697410.mp4 510 0.893 1.297
000351_000400/1039222367.mp4 1288 1.893 2.149
000201_000250/31631722.mp4 836 1.765 1.769
000451_000500/1008825971.mp4 621 2.094 1.803
000151_000200/1023323941.mp4 385 1.037 1.204
000001_000050/1066691230.mp4 570 1.543 1.909
000301_000350/21706999.mp4 474 0.585 0.551
000451_000500/1052033185.mp4 474 1.399 1.581
000351_000400/32317432.mp4 317 1.552 1.492
000001_000050/1066676077.mp4 250 0.573 0.423
000351_000400/1041752866.mp4 750 0.055 0.050
000151_000200/1057267882.mp4 409 0.629 0.632
000051_000100/1066668370.mp4 399 1.291 1.490
000451_000500/33269881.mp4 402 0.611 0.766
000001_000050/1066698235.mp4 960 2.482 1.956
000301_000350/14692231.mp4 597 1.542 1.929
000401_000450/1018806466.mp4 384 1.034 0.836
000001_000050/1066713379.mp4 235 2.273 1.633
000451_000500/32936992.mp4 345 0.909 0.875
000151_000200/1023935624.mp4 433 2.206 1.741
000051_000100/1066651648.mp4 290 2.375 1.773
000001_000050/1066696021.mp4 502 1.362 1.225
000351_000400/4404356.mp4 839 0.251 0.254
000301_000350/1017936490.mp4 973 0.743 0.766
000301_000350/1043964685.mp4 425 1.298 1.420
000301_000350/14445616.mp4 750 1.614 1.298
000001_000050/1066677919.mp4 719 0.117 0.163
000301_000350/14654485.mp4 342 0.435 0.325
000401_000450/6086318.mp4 571 1.762 2.475
000051_000100/1066656679.mp4 421 0.668 0.606
000201_000250/4761245.mp4 626 1.309 1.080
000201_000250/1038871085.mp4 1151 0.468 0.687
000001_000050/1066686556.mp4 826 0.704 0.478
000201_000250/1014571757.mp4 602 0.468 0.381
000151_000200/23850325.mp4 299 0.764 0.554
000451_000500/1027751519.mp4 1222 1.272 1.799
000201_000250/1066364572.mp4 576 2.492 1.821
000051_000100/1066651942.mp4 557 0.522 0.509
000351_000400/7362118.mp4 335 2.153 1.898
000151_000200/1008595162.mp4 562 0.867 0.930
000401_000450/702613.mp4 497 0.753 0.725
000101_000150/5132885.mp4 661 0.704 0.705
000301_000350/1009947272.mp4 218 2.407 1.656
000101_000150/1015407274.mp4 687 1.007 1.296
000001_000050/1066699828.mp4 384 0.542 0.570
000201_000250/1041749425.mp4 1348 0.347 0.384
000201_000250/5159201.mp4 1115 0.947 1.081
000251_000300/1030329236.mp4 780 0.588 0.637
000051_000100/1066648021.mp4 300 2.050 1.693
000451_000500/1052563058.mp4 552 0.064 0.090
000201_000250/34472347.mp4 480 2.882 1.968
000051_000100/1066658716.mp4 436 2.416 1.757
000151_000200/34198678.mp4 713 1.110 1.019
000351_000400/6860932.mp4 336 0.868 0.916
000101_000150/12912158.mp4 621 0.264 0.388
000051_000100/1066659694.mp4 304 0.380 0.359
000401_000450/1025115581.mp4 446 1.467 1.970
000151_000200/1010581226.mp4 527 2.686 1.934
000201_000250/1028129669.mp4 750 1.492 1.814
000201_000250/1026030023.mp4 580 0.839 0.601
000101_000150/1015779736.mp4 464 2.549 1.947
000351_000400/1033043249.mp4 766 1.486 1.127
000351_000400/10309748.mp4 358 0.904 0.612
000151_000200/1016230543.mp4 375 1.663 1.947
000101_000150/31699357.mp4 506 0.571 0.801
000201_000250/1017914965.mp4 540 1.321 1.178
000151_000200/1036201739.mp4 499 2.029 1.716
000401_000450/17789872.mp4 494 0.119 0.081
000351_000400/1008188851.mp4 325 1.035 0.914
000351_000400/1012421771.mp4 633 0.395 0.417
000251_000300/1038534827.mp4 915 0.285 0.365
000351_000400/20210554.mp4 564 1.479 1.752
000301_000350/13563476.mp4 262 0.598 0.511
000001_000050/1066681393.mp4 260 1.008 1.088
000151_000200/1025502053.mp4 249 1.582 1.490
000151_000200/1046594971.mp4 362 0.833 0.744
000051_000100/1066654681.mp4 342 0.503 0.711
000351_000400/28868932.mp4 1274 2.810 1.948
000451_000500/12609506.mp4 426 1.017 0.777
000251_000300/1016283616.mp4 357 2.688 1.981
000051_000100/1066662805.mp4 421 0.667 0.993
000351_000400/1006988239.mp4 720 1.929 2.762
000001_000050/1066697932.mp4 375 1.913 1.516
000001_000050/1066695250.mp4 420 1.606 1.117
000001_000050/1066685533.mp4 420 1.124 1.316
000401_000450/5394554.mp4 379 1.870 1.591
000301_000350/10321865.mp4 331 2.480 1.924
000001_000050/1066677619.mp4 344 0.291 0.333
000351_000400/14521624.mp4 361 1.653 2.255
000101_000150/21157417.mp4 510 0.193 0.280
000051_000100/1066661989.mp4 362 1.535 1.133
000401_000450/22304785.mp4 504 1.616 1.299
000001_000050/1066681249.mp4 607 1.557 1.504
000001_000050/1066682716.mp4 238 1.923 2.693
000051_000100/1066647730.mp4 370 1.532 1.573
000351_000400/1006598719.mp4 538 0.886 1.141
000401_000450/1013764394.mp4 464 0.202 0.150
000101_000150/1038239813.mp4 591 1.179 1.499
000201_000250/1026486386.mp4 293 0.122 0.154
000001_000050/1066677358.mp4 450 0.874 0.603
000101_000150/24088678.mp4 301 0.273 0.222
000001_000050/1066679083.mp4 223 1.766 1.598
000401_000450/31522435.mp4 563 0.607 0.733
000201_000250/35037511.mp4 1299 0.822 1.222
000051_000100/1066663609.mp4 530 0.146 0.176
000251_000300/1008455179.mp4 540 2.010 1.619
000201_000250/1023277108.mp4 734 1.565 1.208
000051_000100/1066661482.mp4 610 0.954 1.358
000251_000300/21449242.mp4 286 0.215 0.209
000401_000450/1019059060.mp4 1093 1.755 1.196
000251_000300/1034722097.mp4 285 0.182 0.233
000351_000400/9078344.mp4 545 0.087 0.085
000051_000100/1066658161.mp4 542 0.720 0.872
000101_000150/18467620.mp4 482 2.823 1.952
000001_000050/1066676605.mp4 278 1.105 0.777
000101_000150/1008207226.mp4 211 1.247 0.916
000351_000400/1010406824.mp4 452 0.117 0.151
000051_000100/1066669807.mp4 363 1.372 1.953
000451_000500/28098943.mp4 511 1.714 2.379
000001_000050/1066674784.mp4 960 1.608 2.062
000201_000250/1026586892.mp4 450 1.581 1.535
000251_000300/1025116541.mp4 426 1.139 1.154
000051_000100/1066664239.mp4 790 0.974 0.921
000101_000150/17590717.mp4 652 0.491 0.634
000451_000500/13664633.mp4 1718 0.761 0.695
000351_000400/28069246.mp4 618 1.822 1.875
000351_000400/27404260.mp4 396 0.576 0.475
000201_000250/1030568969.mp4 590 1.308 1.013
000201_000250/1038447902.mp4 519 1.703 1.320
000001_000050/1066694758.mp4 268 0.796 0.776
000401_000450/1022483965.mp4 574 0.598 0.870
000101_000150/4269632.mp4 376 2.877 1.951
000401_000450/1055528183.mp4 298 0.198 0.202
000051_000100/1066669819.mp4 317 0.084 0.107
000151_000200/1024148594.mp4 637 2.234 1.699
000401_000450/25790501.mp4 516 0.559 0.655
000401_000450/1014704165.mp4 478 0.897 0.903
000051_000100/1066658266.mp4 539 1.135 1.296
000451_000500/1026184040.mp4 732 1.399 1.230
000151_000200/1047388120.mp4 600 1.607 1.692
000301_000350/24136096.mp4 410 2.381 1.871
000451_000500/21486997.mp4 517 1.151 1.274
000001_000050/1066687588.mp4 377 0.535 0.395
000051_000100/1066654852.mp4 235 1.676 2.011
000351_000400/1029741176.mp4 417 0.426 0.569
000051_000100/1066670242.mp4 735 0.717 0.487
000401_000450/1027757282.mp4 294 0.844 0.644
000051_000100/1066670398.mp4 300 1.965 2.438
000051_000100/1066669099.mp4 422 0.829 1.211
000351_000400/1015620754.mp4 246 1.020 0.866
000301_000350/19187482.mp4 358 1.214 1.655
000351_000400/1052868404.mp4 836 2.273 1.625
000051_000100/1066665508.mp4 316 1.386 1.934
000001_000050/1066680160.mp4 1053 1.180 0.877
000301_000350/15330820.mp4 214 0.330 0.403
000101_000150/15603820.mp4 450 1.870 2.010
000201_000250/1014670577.mp4 422 0.361 0.304
000401_000450/1032717626.mp4 449 1.112 1.667
000451_000500/1048673449.mp4 541 0.715 1.060
000001_000050/1066714465.mp4 517 1.767 2.019
000001_000050/1066686895.mp4 714 0.730 0.996
000201_000250/24043729.mp4 718 1.859 1.440
000301_000350/3370439.mp4 833 1.737 1.259
000251_000300/1051162012.mp4 417 1.530 1.492
000351_000400/1026581939.mp4 447 0.165 0.149
000201_000250/1057242796.mp4 266 1.191 0.994
000251_000300/1034290064.mp4 838 0.497 0.428
000251_000300/12413429.mp4 597 2.127 1.818
000401_000450/1030291463.mp4 249 0.821 0.677
000401_000450/1061802793.mp4 388 1.538 1.174
000201_000250/3253771.mp4 233 1.490 2.014
000301_000350/1012197272.mp4 618 1.059 1.525
000451_000500/1022564119.mp4 852 0.336 0.332
000451_000500/1012978379.mp4 314 1.791 2.357
000451_000500/1032401492.mp4 710 1.233 0.921
000201_000250/1036036118.mp4 276 2.463 1.991
000301_000350/1036071431.mp4 593 0.534 0.737
000251_000300/1012128890.mp4 718 0.640 0.683
000151_000200/1007400367.mp4 419 1.203 0.996
000001_000050/1066676197.mp4 847 1.613 2.171
000301_000350/1009578194.mp4 327 1.181 1.574
000151_000200/1030767608.mp4 615 0.075 0.059
000301_000350/32768860.mp4 900 2.259 1.671
000351_000400/13903985.mp4 512 1.284 0.946
000251_000300/24176533.mp4 385 2.172 1.872
000001_000050/1066683166.mp4 1060 1.858 1.422
000001_000050/1066687033.mp4 337 0.327 0.471
000051_000100/1066672036.mp4 221 1.738 1.260
000401_000450/1023971102.mp4 762 0.422 0.551
000101_000150/28166356.mp4 814 0.543 0.389
000251_000300/1008307567.mp4 751 0.307 0.334
000351_000400/1026267767.mp4 573 1.675 1.282
000201_000250/1021869913.mp4 720 1.043 1.291
000101_000150/1014885061.mp4 696 1.768 1.239
000051_000100/1066663072.mp4 330 0.805 0.946
000301_000350/1032326198.mp4 275 0.294 0.247
000251_000300/1039002974.mp4 724 1.720 1.240
000401_000450/1039450880.mp4 1440 0.263 0.305
000251_000300/15461890.mp4 713 1.764 2.181
000201_000250/1045194469.mp4 840 1.679 1.142
000451_000500/11315084.mp4 388 0.446 0.377
000101_000150/16088347.mp4 395 1.471 1.806
000301_000350/1026392681.mp4 325 0.475 0.351
000001_000050/1066696717.mp4 275 0.406 0.279
000201_000250/1018440469.mp4 468 0.518 0.597
000051_000100/1066655665.mp4 698 1.287 1.794
000151_000200/1060622014.mp4 257 1.813 1.515
000051_000100/1066667251.mp4 792 1.237 1.279
000001_000050/1066685809.mp4 655 1.343 1.436
000301_000350/25072706.mp4 404 0.670 0.650
000301_000350/1047652546.mp4 713 1.970 2.371
000301_000350/10951964.mp4 240 0.735 0.888
000351_000400/1056469871.mp4 310 0.243 0.333
000051_000100/1066650274.mp4 302 0.110 0.077
000051_000100/1066654714.mp4 271 1.174 1.180
000401_000450/6011534.mp4 310 0.839 0.619
000251_000300/1027953593.mp4 366 0.962 0.829
000351_000400/1036624037.mp4 251 1.055 0.993
000251_000300/9827114.mp4 330 0.175 0.232
000051_000100/1066658101.mp4 238 1.082 1.511
000201_000250/1058739256.mp4 552 0.106 0.103
000001_000050/1066684054.mp4 350 1.602 2.123
000101_000150/17998750.mp4 307 1.210 1.760
000351_000400/5286932.mp4 540 1.744 1.640
000201_000250/7598128.mp4 348 1.156 1.493
000301_000350/1051090603.mp4 324 1.655 2.184
000451_000500/1028368001.mp4 482 1.654 1.153
000001_000050/1066687297.mp4 249 0.603 0.740
000451_000500/1061666494.mp4 543 0.280 0.357
000301_000350/1020081472.mp4 1027 1.936 1.920
000251_000300/12167009.mp4 287 0.154 0.170
000351_000400/6980071.mp4 352 2.117 1.767
000451_000500/1009061654.mp4 677 0.674 0.693
000051_000100/1066673791.mp4 802 0.421 0.627
000351_000400/6344345.mp4 776 1.891 1.930
000101_000150/1039610936.mp4 341 1.388 1.020
000351_000400/26605481.mp4 302 0.131 0.191
000051_000100/1066659949.mp4 540 1.588 1.652
000051_000100/1066657300.mp4 938 0.912 0.979
000451_000500/12849908.mp4 2160 1.206 0.924
000101_000150/1024234940.mp4 582 1.601 1.201
000001_000050/1066687204.mp4 237 2.006 1.381
000201_000250/10719365.mp4 242 1.898 2.284
000001_000050/1066688518.mp4 214 0.108 0.083
000251_000300/1013617898.mp4 231 1.901 2.360
000451_000500/21136441.mp4 593 0.860 1.244
000201_000250/5385719.mp4 271 1.823 2.059
000101_000150/1066646983.mp4 615 1.967 2.572
000451_000500/1031753666.mp4 521 0.416 0.316
000201_000250/1043378200.mp4 389 0.367 0.277
000201_000250/16272535.mp4 470 1.167 1.640
000051_000100/1066670254.mp4 690 1.892 2.095
000001_000050/1066699810.mp4 360 1.738 1.761
000301_000350/1026116393.mp4 614 1.085 1.403
000401_000450/1024375034.mp4 466 0.065 0.052
000201_000250/20838751.mp4 236 1.183 0.912
000401_000450/10008635.mp4 789 1.818 2.048
000301_000350/15176464.mp4 879 1.317 0.881
000401_000450/27793552.mp4 306 1.343 1.198
000301_000350/4464458.mp4 288 0.947 1.103
000251_000300/13169345.mp4 452 1.733 1.727
000051_000100/1066669009.mp4 329 1.966 2.849
000051_000100/1066658548.mp4 223 0.306 0.371
000251_000300/1053732755.mp4 636 1.917 1.787
000251_000300/34960855.mp4 658 0.590 0.732
000301_000350/1036105070.mp4 692 0.473 0.548
000451_000500/1013833721.mp4 921 1.064 1.279
000201_000250/1034555738.mp4 637 1.970 2.796
000251_000300/1028158847.mp4 264 0.623 0.498
000401_000450/1007187442.mp4 215 1.573 1.259
000151_000200/8374834.mp4 325 2.353 1.931
000201_000250/6238715.mp4 528 1.088 1.631
000301_000350/16840780.mp4 355 0.715 0.506
000351_000400/7785196.mp4 964 1.497 2.114
000101_000150/1051686187.mp4 431 0.576 0.435
000001_000050/1066686259.mp4 553 1.380 1.938
000101_000150/1013513669.mp4 620 0.975 1.083
000401_000450/29337367.mp4 533 0.744 0.602
000101_000150/1010994461.mp4 233 2.053 1.478
000001_000050/1066700899.mp4 737 1.958 2.643
000451_000500/6840337.mp4 388 1.421 1.290
000401_000450/20546416.mp4 362 0.492 0.697
000151_000200/1049145181.mp4 300 2.332 1.678
000351_000400/1023091798.mp4 345 1.091 1.121
000251_000300/1051865377.mp4 353 1.710 1.418
000101_000150/9729284.mp4 245 1.572 2.079
000001_000050/1066696543.mp4 245 2.051 1.659
000001_000050/1066697527.mp4 660 1.813 1.651
000101_000150/1066647136.mp4 895 1.260 1.634
000101_000150/29689519.mp4 397 1.977 1.565
000101_000150/6253004.mp4 438 0.680 0.969
000351_000400/1018778422.mp4 550 1.662 1.750
000001_000050/1066700359.mp4 425 0.193 0.129
000301_000350/14420812.mp4 286 0.692 0.890
000001_000050/1066678036.mp4 542 0.567 0.534
000301_000350/1054468775.mp4 1013 0.588 0.643
000001_000050/1066699891.mp4 300 1.629 1.314
000051_000100/1066672525.mp4 300 2.517 1.859
000151_000200/12603329.mp4 412 2.384 1.953
000451_000500/1012534181.mp4 262 1.600 1.203
000401_000450/1059328082.mp4 804 1.660 1.367
000451_000500/1015778986.mp4 305 2.390 1.944
000251_000300/1008990791.mp4 449 0.778 0.682
000051_000100/1066667002.mp4 432 2.653 1.997
000201_000250/1039348028.mp4 373 0.783 0.913
000001_000050/1066712044.mp4 454 0.805 0.651
000201_000250/12789845.mp4 439 1.942 1.404
000201_000250/1038731183.mp4 787 0.608 0.773
000301_000350/27204325.mp4 699 0.551 0.585
000451_000500/1043005111.mp4 590 1.708 1.505
000101_000150/1055311148.mp4 400 1.083 0.822
000251_000300/1011227843.mp4 1325 2.220 1.554
000301_000350/1010203145.mp4 1011 0.595 0.472
000151_000200/30763054.mp4 367 1.922 2.023
000051_000100/1066651729.mp4 292 1.641 1.653
000301_000350/1027880165.mp4 275 0.946 0.880
000001_000050/1066697629.mp4 329 1.707 2.391
000051_000100/1066654870.mp4 230 2.049 1.821
000351_000400/1029251795.mp4 1172 1.466 1.956
000401_000450/26134799.mp4 784 0.204 0.152
000451_000500/29408557.mp4 334 0.088 0.114
000301_000350/1022463766.mp4 397 0.909 0.641
000401_000450/23719144.mp4 220 1.284 1.212
000351_000400/7903411.mp4 224 0.142 0.193
000401_000450/1015165750.mp4 296 2.226 1.592
000001_000050/1066686874.mp4 423 0.610 0.912
000301_000350/1028505137.mp4 616 0.200 0.276
000001_000050/1066677589.mp4 485 1.775 1.790
000001_000050/1066699510.mp4 593 0.445 0.607
000401_000450/1051195648.mp4 2206 0.131 0.101
000151_000200/1050209485.mp4 692 1.176 0.853
000201_000250/1046982208.mp4 440 0.711 0.502
000101_000150/1264249.mp4 737 1.407 1.736
000351_000400/1032123890.mp4 450 1.387 1.158
000301_000350/12431519.mp4 631 1.820 1.270
000401_000450/1033189190.mp4 1117 2.220 1.534
000351_000400/13837505.mp4 324 0.548 0.533
000051_000100/1066657438.mp4 912 1.564 1.477
000151_000200/3643214.mp4 326 2.472 1.649
000201_000250/1026234911.mp4 405 0.385 0.502
000351_000400/1018998577.mp4 350 0.523 0.620
000301_000350/1034214569.mp4 413 0.579 0.547
000051_000100/1066648111.mp4 269 0.691 0.993
000451_000500/23704891.mp4 720 0.836 1.144
000101_000150/15506212.mp4 664 1.763 2.407
000401_000450/1029506132.mp4 320 0.687 1.010
000351_000400/15277153.mp4 374 1.069 0.806
000401_000450/23113453.mp4 619 0.150 0.157
000251_000300/28999579.mp4 544 1.239 1.765
000001_000050/1066686802.mp4 684 1.694 2.281
000001_000050/1066682641.mp4 450 1.349 0.999
000251_000300/32935945.mp4 274 0.542 0.564
000351_000400/1023432766.mp4 1513 1.075 1.287
000401_000450/17100559.mp4 606 0.292 0.204
000351_000400/1020695161.mp4 507 0.152 0.223
000101_000150/1020989617.mp4 466 0.593 0.671
000401_000450/7373722.mp4 249 1.368 2.034
000001_000050/1066679491.mp4 575 2.329 1.657
000251_000300/1061914369.mp4 696 0.998 1.180
000151_000200/10061084.mp4 569 1.118 1.003
000251_000300/1025207825.mp4 573 2.558 1.930
000251_000300/16519675.mp4 948 0.530 0.370
000351_000400/1038219065.mp4 312 2.589 1.831
000201_000250/1062476425.mp4 300 0.740 0.792
000001_000050/1066681633.mp4 299 2.182 1.634
000001_000050/1066692454.mp4 428 0.262 0.273
000251_000300/31625338.mp4 839 1.148 0.778
000001_000050/1066697671.mp4 302 1.376 0.966
000151_000200/10686617.mp4 300 2.334 1.800
000101_000150/1025397614.mp4 232 0.421 0.499
000251_000300/14751673.mp4 451 1.350 1.712
000051_000100/1066666276.mp4 398 2.343 1.762
000151_000200/18699857.mp4 230 0.798 0.915
000001_000050/1066698871.mp4 285 1.067 0.735
000351_000400/1040356484.mp4 709 1.708 1.866
000301_000350/1044058108.mp4 228 0.369 0.506
000401_000450/1024751525.mp4 336 0.742 0.641
000051_000100/1066668592.mp4 436 1.314 1.752
000301_000350/23262151.mp4 589 1.520 1.736
000051_000100/1066649728.mp4 732 1.586 1.121
000301_000350/16693798.mp4 508 1.977 2.247
000051_000100/1066674352.mp4 341 2.703 1.910
000001_000050/1066708366.mp4 408 0.080 0.092
000351_000400/1033489604.mp4 605 2.181 1.650
000301_000350/1059901526.mp4 639 0.887 1.240
000301_000350/4790024.mp4 878 1.157 0.802
000451_000500/28140205.mp4 324 1.750 1.833
000351_000400/1048601782.mp4 437 1.126 1.014
000351_000400/1022081683.mp4 500 0.637 0.466
000001_000050/1066699903.mp4 252 0.237 0.197
000301_000350/3353999.mp4 375 0.473 0.452
000051_000100/1066656721.mp4 1933 1.599 1.086
000201_000250/1015470106.mp4 569 1.867 1.798
000251_000300/1007196232.mp4 1290 0.224 0.284
000351_000400/1006937206.mp4 2196 1.153 0.820
000051_000100/1066669924.mp4 356 0.195 0.175
000001_000050/1066697449.mp4 588 1.192 0.979
000351_000400/1035390233.mp4 218 1.358 1.797
000351_000400/10695248.mp4 482 2.483 1.761
000101_000150/1019812270.mp4 581 1.655 1.156
000351_000400/13484327.mp4 1125 0.950 0.765
000451_000500/1020875200.mp4 499 1.414 1.925
000201_000250/1029265718.mp4 300 2.695 1.936
000001_000050/1066693483.mp4 687 0.246 0.262
000101_000150/1014492812.mp4 333 0.531 0.604
000251_000300/1046685559.mp4 368 1.269 1.278
000201_000250/1040046875.mp4 399 0.807 0.893
000251_000300/1023418639.mp4 367 0.724 1.060
000301_000350/1040783822.mp4 253 2.568 1.716
000301_000350/10019189.mp4 499 1.855 2.700
000251_000300/1042477690.mp4 522 0.121 0.109
000051_000100/1066653856.mp4 588 0.511 0.469
000201_000250/6937552.mp4 1618 0.353 0.324
000251_000300/26749960.mp4 447 0.603 0.601
000101_000150/33432031.mp4 721 1.775 2.292
000351_000400/1058118961.mp4 450 0.810 1.126
000351_000400/1060120694.mp4 380 0.892 0.928
000101_000150/1006697440.mp4 630 0.497 0.644
000201_000250/26870197.mp4 357 0.242 0.301
000051_000100/1066661752.mp4 385 1.654 1.433
000201_000250/1012286018.mp4 542 1.764 1.981
000001_000050/1066694539.mp4 864 0.761 0.953
000351_000400/1066624573.mp4 1800 0.564 0.597
000051_000100/1066652107.mp4 636 1.014 1.115
000051_000100/1066658845.mp4 388 1.560 2.094
000401_000450/1054143755.mp4 1106 0.429 0.313
000301_000350/8716909.mp4 232 2.696 1.990
000301_000350/12412250.mp4 852 1.717 1.778
000301_000350/1052279332.mp4 541 0.154 0.180
000401_000450/1045646836.mp4 602 1.589 1.818
000201_000250/1061630119.mp4 623 0.942 0.937
000201_000250/33355528.mp4 220 0.971 0.931
000301_000350/15714637.mp4 480 1.803 1.647
000151_000200/2761913.mp4 358 0.520 0.514
000101_000150/25691171.mp4 385 0.649 0.823
000201_000250/1007327077.mp4 600 0.332 0.390
000401_000450/1020048121.mp4 599 0.824 1.097
000051_000100/1066672699.mp4 300 1.672 1.533
000001_000050/1066687036.mp4 694 0.963 0.880
000301_000350/1026082157.mp4 825 1.580 1.531
000201_000250/1020632626.mp4 256 0.562 0.786
000101_000150/1011124028.mp4 492 1.684 2.079
000401_000450/1039841822.mp4 1032 0.151 0.207
000301_000350/1053183467.mp4 562 1.693 1.489
000101_000150/9503738.mp4 432 1.925 2.437
000251_000300/28723255.mp4 1237 1.925 2.060
000001_000050/1066676068.mp4 321 0.503 0.681
000001_000050/1066682608.mp4 374 0.562 0.396
000001_000050/1066688830.mp4 781 1.903 1.755
000151_000200/25996880.mp4 363 0.640 0.544
000101_000150/1033800839.mp4 331 0.620 0.672
000201_000250/1032842993.mp4 388 1.812 2.232
000401_000450/1025019428.mp4 1267 0.389 0.566
000251_000300/31152343.mp4 676 0.787 0.598
000351_000400/1013072342.mp4 447 0.362 0.291
000351_000400/24462257.mp4 405 1.376 2.049
000051_000100/1066648333.mp4 235 1.622 2.049
000351_000400/1009863932.mp4 263 0.833 0.905
000101_000150/1043057362.mp4 751 1.388 1.444
000001_000050/1066687630.mp4 424 1.615 2.282
000051_000100/1066651786.mp4 379 0.375 0.386
000001_000050/1066692082.mp4 360 1.112 0.818
000101_000150/4204663.mp4 301 1.149 0.824
000201_000250/1035432521.mp4 596 0.258 0.211
000151_000200/1034358611.mp4 298 0.158 0.150
000101_000150/1032021812.mp4 591 0.536 0.561
000051_000100/1066664992.mp4 300 0.955 1.203
000051_000100/1066658779.mp4 799 0.380 0.322
000201_000250/28983658.mp4 389 1.545 1.834
000151_000200/33419674.mp4 675 0.805 1.161
000451_000500/1030811057.mp4 1004 0.217 0.200
000301_000350/1025397542.mp4 600 0.312 0.277
000151_000200/1035117812.mp4 687 1.120 0.811
000201_000250/1030332605.mp4 575 1.285 1.833
000351_000400/17752264.mp4 353 1.531 1.927
000451_000500/8682925.mp4 310 1.024 1.272
000051_000100/1066673707.mp4 234 2.730 1.909
000151_000200/1044331750.mp4 670 1.432 1.142
000001_000050/1066692460.mp4 240 0.443 0.378
000001_000050/1066691116.mp4 380 0.422 0.455
000251_000300/1052602922.mp4 690 0.691 0.597
000301_000350/12159122.mp4 375 0.423 0.456
000051_000100/1066657285.mp4 458 0.896 1.068
000151_000200/29498392.mp4 382 0.623 0.855
000301_000350/1052817122.mp4 480 2.098 1.420
000251_000300/14928331.mp4 1115 1.052 1.515
000251_000300/10593824.mp4 895 0.202 0.179
000101_000150/26510966.mp4 287 0.862 1.145
000001_000050/1066680211.mp4 318 1.011 0.674
000251_000300/1021827109.mp4 521 1.406 1.705
000201_000250/1007042002.mp4 393 0.163 0.227
000201_000250/1042390798.mp4 421 0.336 0.448
000001_000050/1066695355.mp4 361 0.867 0.689
000001_000050/1066712584.mp4 408 1.335 0.894
000101_000150/1036712276.mp4 535 1.674 1.945
000001_000050/1066705171.mp4 948 1.342 1.230
000301_000350/13866029.mp4 281 1.767 1.742
000151_000200/1061770450.mp4 216 1.390 1.742
000101_000150/14508004.mp4 314 0.434 0.632
000301_000350/1035829946.mp4 414 1.206 1.207
000001_000050/1066681606.mp4 285 2.035 1.520
000451_000500/9839471.mp4 875 1.467 2.153
000301_000350/1036355723.mp4 981 1.558 1.783
000401_000450/3647300.mp4 247 1.737 1.191
000201_000250/23246926.mp4 350 1.640 2.290
000201_000250/1032416054.mp4 355 0.557 0.405
000201_000250/1035953246.mp4 491 0.158 0.178
000201_000250/1066544545.mp4 622 0.843 1.252
000351_000400/2730455.mp4 599 0.901 0.873
000351_000400/16526866.mp4 267 0.983 0.746
000151_000200/1036978478.mp4 252 1.293 1.877
000251_000300/27391591.mp4 366 2.817 1.971
000401_000450/1011771584.mp4 1738 0.772 1.001
000301_000350/1029707672.mp4 418 0.875 1.207
000001_000050/1066678360.mp4 420 0.704 0.480
000151_000200/8165764.mp4 345 0.538 0.509
000351_000400/1018216837.mp4 604 0.805 0.961
000301_000350/9063617.mp4 472 1.114 0.820
000051_000100/1066655740.mp4 501 0.690 0.711
000301_000350/1033892696.mp4 1798 0.337 0.340
000201_000250/1047329539.mp4 597 0.108 0.116
000351_000400/1010866973.mp4 488 1.785 1.501
000201_000250/32982865.mp4 251 1.615 1.700
000301_000350/15671470.mp4 264 0.366 0.482
000051_000100/1066657150.mp4 265 1.121 0.922
000151_000200/31774471.mp4 450 1.165 0.869
000051_000100/1066657474.mp4 212 1.905 2.366
000101_000150/1009503269.mp4 253 1.053 1.574
000351_000400/29444869.mp4 344 0.968 1.069
000101_000150/1022703745.mp4 836 1.299 1.861
000401_000450/18763718.mp4 323 2.051 1.718
000001_000050/1066676833.mp4 780 1.241 1.296
000351_000400/16453495.mp4 471 0.471 0.644
000301_000350/25485419.mp4 315 1.823 2.090
000301_000350/1031935004.mp4 500 0.350 0.394
000051_000100/1066649452.mp4 225 0.482 0.694
000101_000150/1038499601.mp4 540 0.678 0.544
000001_000050/1066677439.mp4 602 0.749 0.771
000101_000150/1008091369.mp4 455 1.757 2.607
000351_000400/11955632.mp4 518 0.618 0.502
000451_000500/9892616.mp4 416 0.183 0.204
000251_000300/1011488495.mp4 389 2.483 1.747
000051_000100/1066663510.mp4 400 1.012 0.759
000301_000350/1020678505.mp4 796 1.466 0.995
000301_000350/1018902436.mp4 496 0.432 0.535
000301_000350/1042400773.mp4 738 0.240 0.227
000101_000150/1031674001.mp4 485 0.355 0.281
000051_000100/1066674190.mp4 572 2.221 1.756
000051_000100/1066651600.mp4 250 0.307 0.251
000001_000050/1066685278.mp4 292 1.316 1.904
000451_000500/10374032.mp4 265 1.228 1.066
000001_000050/1066696093.mp4 301 1.978 1.715
000101_000150/27301309.mp4 503 1.622 1.341
000301_000350/26302214.mp4 473 1.461 1.107
000051_000100/1066660165.mp4 874 1.792 1.244
000251_000300/1055165786.mp4 227 1.788 2.514
000401_000450/1030122365.mp4 795 2.109 1.766
000151_000200/1062065230.mp4 2243 0.145 0.145
000001_000050/1066681270.mp4 236 1.045 0.952
000251_000300/1058216866.mp4 1257 0.628 0.714
000101_000150/1014488513.mp4 397 0.924 1.103
000201_000250/1036780919.mp4 870 2.210 1.523
000201_000250/12020465.mp4 436 2.033 1.393
000101_000150/1034091230.mp4 241 2.029 1.777
000351_000400/1014391559.mp4 1673 1.255 1.682
000151_000200/8105374.mp4 749 1.563 2.119
000401_000450/1043198113.mp4 319 1.182 0.912
000451_000500/1058383333.mp4 324 1.066 1.256
000101_000150/1029006686.mp4 491 1.858 1.895
000351_000400/1018541302.mp4 580 1.535 1.298
000101_000150/1017269908.mp4 288 1.063 1.227
000101_000150/1066647292.mp4 343 1.817 1.265
000401_000450/1040573684.mp4 5046 0.123 0.084
000201_000250/1047608029.mp4 735 2.125 1.907
000301_000350/1022502790.mp4 435 0.938 0.826
000201_000250/15874204.mp4 1049 2.261 1.569
000301_000350/1017599713.mp4 981 2.268 1.871
000001_000050/1066686322.mp4 250 1.383 0.969
000251_000300/34707922.mp4 266 0.267 0.226
000151_000200/14911474.mp4 240 1.856 2.484
000151_000200/1011771392.mp4 1798 1.971 2.534
000201_000250/1024681628.mp4 1230 0.996 1.316
000201_000250/841069.mp4 659 0.429 0.401
000001_000050/1066701358.mp4 296 1.288 1.063
000251_000300/1013402096.mp4 420 0.219 0.318
000301_000350/1019557021.mp4 411 1.319 1.974
000201_000250/17095210.mp4 521 0.557 0.789
000051_000100/1066650742.mp4 321 0.995 1.260
000401_000450/1017574345.mp4 270 1.773 2.226
000451_000500/1012139996.mp4 586 0.712 0.492
000101_000150/1006585909.mp4 552 2.887 1.971
000301_000350/1027933382.mp4 300 2.381 1.796
000251_000300/1066616662.mp4 849 0.919 1.237
000351_000400/24144331.mp4 492 1.430 1.044
000051_000100/1066673272.mp4 354 2.202 1.628
000251_000300/1033497752.mp4 735 1.178 0.839
000051_000100/1066648198.mp4 416 2.743 1.954
000151_000200/1043220814.mp4 517 1.526 2.272
000401_000450/1034143898.mp4 384 0.098 0.145
000401_000450/1051278541.mp4 252 0.458 0.491
000051_000100/1066660099.mp4 389 1.950 1.359
000101_000150/4008364.mp4 449 1.460 1.670
000001_000050/1066699120.mp4 251 0.432 0.429
000401_000450/1030188632.mp4 284 2.111 1.663
000251_000300/12192410.mp4 706 0.424 0.463
000301_000350/27739297.mp4 379 0.975 1.445
000401_000450/1022198425.mp4 481 0.440 0.546
000001_000050/1066678831.mp4 687 1.854 2.205
000151_000200/4564961.mp4 711 0.246 0.172
000101_000150/1021549117.mp4 900 0.894 0.884
000301_000350/1016481277.mp4 900 0.529 0.511
000051_000100/1066666426.mp4 415 1.380 1.896
000251_000300/1023959534.mp4 439 0.483 0.421
000451_000500/1049292235.mp4 457 0.421 0.335
000451_000500/15631837.mp4 446 0.987 1.107
000401_000450/1018765438.mp4 492 0.206 0.287
000001_000050/1066687594.mp4 330 2.492 1.766
000301_000350/1043232913.mp4 376 1.135 1.615
000351_000400/1048581946.mp4 495 0.957 1.148
000001_000050/1066686055.mp4 729 1.048 0.911
000001_000050/1066683331.mp4 706 1.560 2.306
000201_000250/3742907.mp4 639 0.317 0.349
000151_000200/21450901.mp4 828 0.603 0.572
000351_000400/28387081.mp4 564 1.290 1.820
000401_000450/1023788845.mp4 400 1.369 1.144
000351_000400/34671712.mp4 717 2.407 1.972
000101_000150/1043101216.mp4 341 2.160 1.764
000051_000100/1066650733.mp4 402 0.246 0.289
000101_000150/1038574940.mp4 368 2.455 1.943
000351_000400/1017398071.mp4 750 2.442 1.742
000001_000050/1066680175.mp4 481 0.629 0.661
000351_000400/1031708582.mp4 357 0.398 0.452
000451_000500/6825334.mp4 438 2.024 1.803
000051_000100/1066670527.mp4 346 1.667 1.680
000201_000250/1018089151.mp4 326 1.733 1.513
000101_000150/1062645502.mp4 755 0.536 0.562
000001_000050/1066693888.mp4 448 1.212 1.153
000151_000200/32882173.mp4 451 2.009 1.422
000301_000350/1020628039.mp4 300 0.081 0.115
000301_000350/1019117848.mp4 356 1.820 1.618
000101_000150/1007593228.mp4 258 1.145 0.780
000301_000350/609403.mp4 860 0.992 1.216
000101_000150/32137345.mp4 500 1.579 1.372
000351_000400/1019272654.mp4 223 0.692 0.587
000251_000300/11255627.mp4 589 0.599 0.760
000251_000300/30287125.mp4 870 2.220 1.515
000301_000350/1038369740.mp4 425 1.652 1.204
000351_000400/1062815554.mp4 248 0.448 0.621
000101_000150/1035385784.mp4 335 1.044 0.810
000051_000100/1066661149.mp4 520 0.137 0.131
000401_000450/33207688.mp4 285 1.316 1.668
000201_000250/20443882.mp4 237 0.804 0.843
000051_000100/1066674304.mp4 233 0.953 1.085
000151_000200/1022987938.mp4 1121 1.287 1.600
000251_000300/2848015.mp4 330 0.653 0.687
000051_000100/1066649950.mp4 318 0.402 0.412
000051_000100/1066663381.mp4 500 1.830 2.358
000001_000050/1066675570.mp4 550 1.731 1.660
000251_000300/1038599888.mp4 844 0.988 0.683
000051_000100/1066659706.mp4 503 1.092 1.567
000201_000250/1013440166.mp4 300 1.039 1.510
000001_000050/1066677955.mp4 740 0.173 0.162
000001_000050/1066679149.mp4 328 1.427 2.096
000301_000350/1049520532.mp4 980 0.082 0.091
000001_000050/1066675501.mp4 1059 1.164 1.063
000451_000500/1024108241.mp4 617 1.442 1.051
000051_000100/1066663003.mp4 330 1.674 1.790
000251_000300/18018268.mp4 428 0.269 0.208
000351_000400/1054938740.mp4 691 0.528 0.472
000101_000150/1038179474.mp4 480 0.835 1.002
000151_000200/21808771.mp4 350 0.150 0.166
000001_000050/1066677724.mp4 1695 1.414 1.638
000351_000400/1039187495.mp4 794 1.523 1.236
000351_000400/32357389.mp4 672 1.536 1.150
000251_000300/1062323233.mp4 542 0.641 0.848
000151_000200/1053426263.mp4 263 1.475 1.368
000051_000100/1066653427.mp4 605 0.244 0.317
000451_000500/1064315542.mp4 242 0.185 0.194
000251_000300/1045891213.mp4 469 1.446 1.033
000201_000250/1033278851.mp4 471 1.594 2.164
000051_000100/1066672813.mp4 212 1.945 2.004
000251_000300/1051114684.mp4 469 0.331 0.229
000001_000050/1066683952.mp4 600 1.335 1.203
000051_000100/1066669018.mp4 310 1.175 1.553
000351_000400/30634048.mp4 250 1.695 1.759
000351_000400/1023309991.mp4 595 0.699 0.935
000001_000050/1066688359.mp4 572 0.404 0.449
000001_000050/1066678177.mp4 340 0.433 0.480
000201_000250/20870884.mp4 495 0.620 0.877
000251_000300/1020496900.mp4 528 1.726 1.723
000351_000400/1010955026.mp4 750 1.420 1.772
000251_000300/19344088.mp4 432 0.604 0.499
000051_000100/1066670383.mp4 357 0.802 1.009
000051_000100/1066673491.mp4 253 0.408 0.584
000451_000500/12841652.mp4 411 1.167 1.432
000351_000400/34810987.mp4 984 1.962 2.433
000251_000300/1061184730.mp4 272 0.075 0.106
000151_000200/26860405.mp4 302 0.735 0.584
000101_000150/16812508.mp4 1380 1.122 1.268
000201_000250/7677814.mp4 375 0.296 0.330
000151_000200/1031053667.mp4 772 0.771 0.734
000351_000400/1042381036.mp4 878 0.498 0.465
000351_000400/22697620.mp4 348 1.424 1.830
000051_000100/1066653289.mp4 480 0.255 0.324
000251_000300/33492031.mp4 540 0.573 0.676
000101_000150/13055483.mp4 247 1.037 0.953
000101_000150/32607625.mp4 1390 0.144 0.211
000301_000350/1019944270.mp4 325 1.164 0.810
000251_000300/1045225210.mp4 296 0.782 0.536
000051_000100/1066655518.mp4 300 2.817 1.938
000051_000100/1066651756.mp4 380 0.207 0.193
000251_000300/1016669806.mp4 740 1.614 2.188
000051_000100/1066672669.mp4 300 1.151 1.353
000051_000100/1066663396.mp4 411 1.686 2.529
000151_000200/29139214.mp4 372 2.082 1.444
000301_000350/19879717.mp4 264 1.105 1.641
000101_000150/1025782631.mp4 299 1.909 2.824
000301_000350/1048225417.mp4 224 0.244 0.239
000451_000500/25799498.mp4 650 0.538 0.379
000101_000150/1013915423.mp4 475 0.833 1.036
000051_000100/1066665487.mp4 340 1.125 1.642
000151_000200/23844742.mp4 537 1.844 1.500
000051_000100/1066651858.mp4 298 0.596 0.442
000051_000100/1066656265.mp4 885 1.781 1.717
000201_000250/17261842.mp4 301 0.768 0.514
000301_000350/21766447.mp4 616 1.486 1.397
000251_000300/27524821.mp4 261 1.930 1.608
000051_000100/1066671790.mp4 791 1.565 1.502
000201_000250/6095930.mp4 894 0.369 0.526
000101_000150/1026014900.mp4 434 2.162 1.472
000051_000100/1066650406.mp4 379 1.647 1.608
000451_000500/17406235.mp4 304 0.208 0.197
000001_000050/1066694845.mp4 870 0.399 0.317
000301_000350/27706285.mp4 531 0.284 0.372
000401_000450/1040955932.mp4 1500 1.854 2.747
000051_000100/1066673383.mp4 358 0.129 0.170
000301_000350/1045361824.mp4 219 0.643 0.936
000001_000050/1066692319.mp4 254 1.588 1.117
000301_000350/13515827.mp4 451 1.571 1.289
000451_000500/1026672251.mp4 519 1.271 1.085
000051_000100/1066661899.mp4 540 1.743 1.637
000201_000250/21190300.mp4 396 2.762 1.955
000101_000150/1012528640.mp4 1342 1.568 1.421
000051_000100/1066650925.mp4 434 1.861 1.317
000151_000200/1037871989.mp4 407 0.168 0.240
000451_000500/1049370223.mp4 692 2.380 1.673
000301_000350/1036857869.mp4 313 1.481 1.161
000401_000450/4976453.mp4 551 0.986 1.090
000401_000450/1039385204.mp4 308 1.379 1.551
000151_000200/1014309500.mp4 221 0.216 0.245
000301_000350/17258482.mp4 730 1.028 1.066
000451_000500/1060330511.mp4 552 2.536 1.974
000001_000050/1066679737.mp4 524 0.341 0.294
000351_000400/1020540898.mp4 1197 2.937 1.995
000101_000150/10864640.mp4 272 2.717 1.937
000101_000150/22766110.mp4 345 0.066 0.055
000001_000050/1066690249.mp4 256 1.573 1.082
000001_000050/1066678960.mp4 465 0.499 0.482
000051_000100/1066668211.mp4 540 0.635 0.637
000301_000350/13843166.mp4 1165 0.575 0.776
000101_000150/1020622249.mp4 630 0.707 0.487
000351_000400/1013634899.mp4 402 0.897 0.842
000301_000350/392935.mp4 589 0.089 0.087
000251_000300/10268228.mp4 600 0.474 0.320
000051_000100/1066656220.mp4 791 1.833 1.473
000101_000150/30495895.mp4 797 1.980 1.405
000451_000500/22947298.mp4 238 0.111 0.131
000151_000200/6741457.mp4 410 0.240 0.243
000151_000200/1032205535.mp4 346 2.375 1.956
000351_000400/1046132203.mp4 350 1.636 1.762
000001_000050/1066697680.mp4 288 2.240 1.763
000051_000100/1066656517.mp4 455 1.654 1.986
000151_000200/1046698063.mp4 453 1.640 2.150
000101_000150/17918974.mp4 516 1.068 0.979
000201_000250/1019100583.mp4 405 0.716 0.770
000101_000150/1015560661.mp4 490 1.067 0.912
000001_000050/1066682497.mp4 370 1.990 1.907
000351_000400/28990123.mp4 300 1.881 2.252
000051_000100/1066665073.mp4 526 2.464 1.942
000151_000200/32136652.mp4 619 1.041 0.718
000051_000100/1066668304.mp4 272 0.075 0.055
000201_000250/25655327.mp4 390 1.850 1.791
000101_000150/1063581133.mp4 549 0.063 0.069
000051_000100/1066651249.mp4 432 1.642 1.799
000301_000350/1020306439.mp4 339 1.544 1.380
000401_000450/1029478595.mp4 385 0.374 0.410
000451_000500/1020838312.mp4 407 1.453 1.562
000451_000500/8938216.mp4 271 1.633 1.247
000051_000100/1066669645.mp4 477 1.413 1.931
000401_000450/8352658.mp4 391 0.195 0.257
000101_000150/1037088020.mp4 676 1.683 1.561
000351_000400/1041638497.mp4 245 1.815 1.479
000051_000100/1066650040.mp4 355 1.081 1.080
000001_000050/1066693945.mp4 557 1.942 1.636
000001_000050/1066686604.mp4 1413 0.197 0.268
000451_000500/1017479545.mp4 375 1.266 0.928
000201_000250/1025866697.mp4 459 0.155 0.141
000101_000150/1013178614.mp4 611 0.884 1.273
000251_000300/1026995564.mp4 703 2.672 1.864
000401_000450/9842753.mp4 633 1.137 0.793
000301_000350/1024320629.mp4 352 0.310 0.451
000451_000500/23012836.mp4 542 1.358 1.196
000101_000150/1028831009.mp4 217 0.760 0.670
000051_000100/1066659757.mp4 752 1.446 0.981
000201_000250/20479204.mp4 437 0.928 0.748
000001_000050/1066699216.mp4 495 0.558 0.661
000151_000200/34683262.mp4 720 1.366 1.334
000401_000450/25673378.mp4 915 1.971 1.725
000351_000400/1052549684.mp4 1019 0.311 0.247
000351_000400/1012400192.mp4 781 1.462 1.320
000451_000500/4088299.mp4 620 0.620 0.486
000001_000050/1066679992.mp4 385 1.156 1.723
000301_000350/1015752589.mp4 354 1.735 1.822
000201_000250/1012478429.mp4 485 1.391 1.450
000401_000450/1045354798.mp4 625 1.422 1.594
000101_000150/1066647007.mp4 528 0.818 0.792
000151_000200/13251497.mp4 741 0.924 0.652
000151_000200/26559716.mp4 240 0.094 0.116
000451_000500/1023808699.mp4 1109 2.573 1.915
000001_000050/1066688575.mp4 1019 0.631 0.650
000001_000050/1066686574.mp4 1440 1.887 1.697
000151_000200/1027545062.mp4 386 2.273 1.608
000201_000250/34274920.mp4 721 0.541 0.457
000451_000500/1006567651.mp4 367 0.593 0.518
000301_000350/22922626.mp4 622 1.758 1.177
000301_000350/1043228965.mp4 872 0.883 0.736
000301_000350/1036661093.mp4 373 1.674 2.327
000401_000450/7540234.mp4 1731 1.833 2.165
000451_000500/1017428362.mp4 507 0.362 0.514
000051_000100/1066650703.mp4 313 1.153 1.441
000051_000100/1066653646.mp4 980 1.804 1.230
000051_000100/1066656877.mp4 481 1.508 1.813
000051_000100/1066670551.mp4 417 1.054 1.077
000001_000050/1066683901.mp4 852 0.706 0.830
000151_000200/1010713397.mp4 493 2.084 1.837
000401_000450/3679268.mp4 294 2.016 1.372
000401_000450/1015973599.mp4 225 2.508 1.873
000201_000250/19238158.mp4 480 1.336 1.233
000101_000150/31739023.mp4 1156 0.611 0.855
000251_000300/1007781919.mp4 1513 2.808 1.929
000001_000050/1066675474.mp4 1043 0.560 0.626
000351_000400/7176367.mp4 402 1.580 1.909
000051_000100/1066672747.mp4 471 1.164 1.645
000101_000150/1015367731.mp4 477 1.466 1.525
000351_000400/1048219954.mp4 1068 0.069 0.098
000401_000450/2202598.mp4 396 0.825 1.233
000401_000450/7584232.mp4 851 0.617 0.529
000301_000350/1053439277.mp4 928 2.028 1.808
000001_000050/1066707040.mp4 361 1.629 2.016
000301_000350/1027174157.mp4 254 1.618 1.458
000051_000100/1066659508.mp4 375 1.729 2.161
000151_000200/34640185.mp4 629 1.109 1.211
000051_000100/1066649689.mp4 1318 0.468 0.531
000251_000300/1023844651.mp4 500 0.652 0.838
000101_000150/8691517.mp4 370 0.506 0.490
000001_000050/1066677760.mp4 256 0.650 0.615
000401_000450/31082533.mp4 270 0.909 1.332
000001_000050/1066686424.mp4 480 1.089 1.375
000201_000250/28167943.mp4 227 1.352 1.496
000051_000100/1066653004.mp4 748 0.580 0.753
000401_000450/1011926834.mp4 763 0.726 0.819
000351_000400/24034561.mp4 300 1.554 2.226
000251_000300/1007163910.mp4 312 1.586 2.161
000451_000500/1038161816.mp4 719 1.542 1.953
000001_000050/1066686244.mp4 281 0.242 0.232
000251_000300/2678765.mp4 446 2.762 1.876
000051_000100/1066664206.mp4 717 0.170 0.134
000201_000250/1020211291.mp4 1748 2.518 1.993
000001_000050/1066675141.mp4 278 1.405 1.295
000151_000200/9760283.mp4 540 0.409 0.573
000351_000400/1057192456.mp4 502 0.305 0.403
000101_000150/21935743.mp4 285 0.313 0.371
000051_000100/1066661974.mp4 344 1.020 1.157
000101_000150/1062139594.mp4 233 1.247 0.933
000101_000150/14615116.mp4 437 1.986 2.491
000051_000100/1066664347.mp4 361 1.215 1.265
000351_000400/26019680.mp4 344 0.616 0.838
000301_000350/23440414.mp4 1422 0.695 0.900
000101_000150/1064361832.mp4 636 1.644 2.456
000351_000400/8935672.mp4 375 1.123 0.991
000251_000300/1057811164.mp4 485 2.321 1.786
000101_000150/1023055657.mp4 896 1.441 1.578
000151_000200/6751663.mp4 340 1.333 1.702
000001_000050/1066675861.mp4 718 1.473 1.720
000151_000200/15223099.mp4 335 0.651 0.513
000251_000300/5961641.mp4 541 1.652 1.943
000401_000450/1044088144.mp4 295 1.408 2.032
000301_000350/24517877.mp4 401 2.314 1.568
000301_000350/1016243467.mp4 352 0.781 1.136
000251_000300/1028557211.mp4 336 1.373 1.635
000451_000500/16850563.mp4 923 2.230 1.674
000451_000500/1052250271.mp4 211 0.124 0.181
000151_000200/4727057.mp4 308 1.527 1.235
000051_000100/1066648444.mp4 309 0.980 1.116
000101_000150/1022346916.mp4 457 2.075 1.717
000201_000250/1058903108.mp4 504 0.965 0.981
000251_000300/1030865027.mp4 622 0.509 0.359
000401_000450/1020475513.mp4 1243 1.934 1.916
000301_000350/268816.mp4 231 0.909 1.126
000001_000050/1066679059.mp4 458 1.071 1.514
000301_000350/1020799444.mp4 1200 1.129 1.301
000051_000100/1066659910.mp4 656 1.109 1.048
000251_000300/1022228116.mp4 290 1.409 1.218
000451_000500/10783265.mp4 450 1.573 2.300
000101_000150/1066647361.mp4 423 1.015 0.966
000351_000400/22407760.mp4 480 2.837 1.967
000251_000300/14062787.mp4 900 1.722 1.892
000051_000100/1066668385.mp4 259 0.939 0.819
000001_000050/1066695820.mp4 488 2.750 1.875
000101_000150/8154805.mp4 1071 0.837 0.667
000451_000500/29852740.mp4 815 2.333 1.730
000351_000400/3386714.mp4 390 1.220 1.032
000201_000250/1021472014.mp4 559 1.849 2.588
000201_000250/1029901046.mp4 460 1.344 1.834
000001_000050/1066701088.mp4 677 1.502 1.582
000101_000150/1032369824.mp4 318 0.760 1.080
000201_000250/1011218213.mp4 500 0.931 1.181
000101_000150/1027966577.mp4 680 1.055 0.909
000151_000200/24525158.mp4 485 1.765 1.440
000401_000450/19113154.mp4 534 1.533 2.077
000151_000200/28052449.mp4 290 0.996 0.825
000401_000450/20545555.mp4 655 0.591 0.549
000151_000200/30464794.mp4 720 0.056 0.050
000101_000150/1029743408.mp4 426 2.196 1.862
000001_000050/1066702015.mp4 347 1.224 1.207
000451_000500/1031310263.mp4 1108 0.528 0.463
000101_000150/24071560.mp4 676 1.984 2.569
000301_000350/5433707.mp4 388 1.907 1.477
000001_000050/1066691206.mp4 301 2.844 1.913
000251_000300/1012505750.mp4 485 1.869 2.685
000301_000350/4228984.mp4 377 0.885 0.703
000051_000100/1066648411.mp4 390 1.278 0.882
000201_000250/1016236669.mp4 350 1.940 2.156
000301_000350/1033595126.mp4 571 0.120 0.149
000251_000300/9772958.mp4 493 1.229 1.649
000051_000100/1066661770.mp4 301 1.085 0.976
000151_000200/13422437.mp4 456 1.411 1.341
000201_000250/1033869065.mp4 836 2.030 1.521
000201_000250/1016456008.mp4 298 0.645 0.928
000001_000050/1066677868.mp4 319 0.421 0.493
000101_000150/1025281055.mp4 395 1.295 1.346
000001_000050/1066683829.mp4 450 1.431 1.145
000251_000300/1007583796.mp4 319 1.923 2.691
000051_000100/1066651897.mp4 425 0.629 0.424
000351_000400/1011844697.mp4 496 1.724 1.619
000001_000050/1066686409.mp4 339 0.999 1.236
000151_000200/1024864514.mp4 577 0.574 0.835
000001_000050/1066684015.mp4 750 0.986 1.225
000401_000450/1043735602.mp4 678 1.883 1.994
000151_000200/32821108.mp4 250 0.847 0.967
000301_000350/1017025243.mp4 840 1.586 2.019
000401_000450/12095585.mp4 940 0.953 1.055
000051_000100/1066663165.mp4 300 0.967 1.174
000001_000050/1066688464.mp4 369 0.723 0.706
000151_000200/4012372.mp4 1410 0.412 0.332
000201_000250/1042747507.mp4 248 1.171 1.272
000051_000100/1066649476.mp4 478 0.264 0.232
000301_000350/1827572.mp4 226 1.841 1.287
000101_000150/1056895583.mp4 282 1.452 1.838
000151_000200/1012129415.mp4 327 0.559 0.832
000251_000300/1010715959.mp4 305 0.073 0.065
000351_000400/7824262.mp4 549 1.464 2.079
000101_000150/5409236.mp4 212 1.419 1.578
000251_000300/17232073.mp4 2026 0.125 0.142
000101_000150/1055959160.mp4 786 0.697 0.842
000001_000050/1066678030.mp4 402 1.617 1.706
000451_000500/3885626.mp4 392 0.187 0.148
000451_000500/19810762.mp4 791 1.673 1.382
000301_000350/2879707.mp4 884 0.096 0.130
000451_000500/1031333885.mp4 653 1.298 1.107
000151_000200/33328003.mp4 978 0.568 0.735
000101_000150/1032756140.mp4 870 0.613 0.790
000051_000100/1066663030.mp4 421 0.328 0.387
000101_000150/31560937.mp4 1020 1.634 1.419
000301_000350/1036135919.mp4 529 1.109 1.513
000001_000050/1066693465.mp4 808 2.217 1.713
000101_000150/26139296.mp4 379 2.869 1.935
000001_000050/1066705186.mp4 344 0.549 0.641
000351_000400/3996796.mp4 312 1.568 1.264
000001_000050/1066690276.mp4 334 0.166 0.123
000001_000050/1066700950.mp4 368 1.117 1.374
000201_000250/1020448516.mp4 725 1.994 2.075
000101_000150/5203025.mp4 780 1.392 2.042
000151_000200/9319238.mp4 516 1.259 0.856
000001_000050/1066681243.mp4 318 2.056 1.377
000451_000500/19235017.mp4 750 1.970 2.049
000401_000450/22238842.mp4 318 0.373 0.453
000301_000350/1017119179.mp4 390 0.633 0.473
000401_000450/1010720642.mp4 560 0.474 0.647
000151_000200/1006803895.mp4 507 1.145 1.037
000151_000200/34902355.mp4 534 0.745 0.747
000151_000200/1047267385.mp4 232 1.998 1.820
000251_000300/1017228868.mp4 332 1.892 2.145
000401_000450/18019804.mp4 870 1.939 1.651
000201_000250/34704487.mp4 457 0.621 0.478
000351_000400/23682367.mp4 402 0.484 0.592
000251_000300/28646791.mp4 359 0.386 0.355
000251_000300/23234581.mp4 468 1.053 0.964
000001_000050/1066675459.mp4 575 0.242 0.207
000001_000050/1066686208.mp4 646 1.467 2.022
000351_000400/1019647816.mp4 485 1.221 1.547
000451_000500/1045507537.mp4 255 0.907 1.229
000351_000400/11369645.mp4 496 0.416 0.593
000451_000500/1036393673.mp4 592 1.960 1.933
000401_000450/1016888530.mp4 412 1.839 1.703
000101_000150/1040096267.mp4 768 1.426 1.829
000051_000100/1066666768.mp4 863 1.871 1.760
000251_000300/1013388572.mp4 296 1.404 1.901
000151_000200/19099525.mp4 360 2.751 1.910
000451_000500/31630702.mp4 900 1.111 0.957
000101_000150/32651209.mp4 753 1.269 1.351
000401_000450/31289260.mp4 669 0.696 0.539
000201_000250/1009614122.mp4 540 1.625 2.315
000001_000050/1066678582.mp4 337 1.059 0.897
000351_000400/17006968.mp4 512 1.169 1.689
000451_000500/1060375748.mp4 238 0.386 0.360
000101_000150/1007988430.mp4 324 1.988 1.454
000051_000100/1066665769.mp4 670 1.460 1.576
000301_000350/1027039586.mp4 533 0.603 0.515
000351_000400/28301683.mp4 273 1.508 1.432
000201_000250/1030664189.mp4 278 1.246 1.349
000251_000300/28077691.mp4 313 1.911 1.834
000051_000100/1066663219.mp4 400 1.170 1.025
000201_000250/1006593436.mp4 284 1.321 1.353
000301_000350/25582493.mp4 665 1.752 1.303
000051_000100/1066655137.mp4 413 0.186 0.213
000351_000400/1062836434.mp4 625 0.762 1.071
000051_000100/1066674781.mp4 306 2.754 1.870
000301_000350/33443542.mp4 700 1.267 0.905
000251_000300/1015984459.mp4 261 2.278 1.670
000351_000400/1024688351.mp4 830 1.988 2.346
000051_000100/1066667422.mp4 302 1.845 1.581
000151_000200/25605557.mp4 852 1.160 1.704
000401_000450/1052918465.mp4 640 0.518 0.771
000201_000250/1010605925.mp4 480 2.350 1.578
000001_000050/1066702060.mp4 645 0.253 0.199
000251_000300/1017079408.mp4 516 1.829 2.609
000051_000100/1066665061.mp4 569 0.692 0.602
000301_000350/29349304.mp4 248 0.135 0.103
000251_000300/1007980198.mp4 996 0.200 0.247
000051_000100/1066648828.mp4 620 0.605 0.476
000051_000100/1066648648.mp4 784 2.419 1.627
000101_000150/1026644303.mp4 707 1.284 1.200
000201_000250/1041094561.mp4 240 2.376 1.857
000401_000450/1028231603.mp4 440 1.791 1.580
000251_000300/6671138.mp4 835 0.730 1.026
000201_000250/1023829747.mp4 949 1.328 1.465
000101_000150/32454778.mp4 1980 2.664 1.933
000101_000150/1042248526.mp4 372 1.065 1.018
000251_000300/11649860.mp4 260 1.740 1.621
000401_000450/1026893186.mp4 802 0.747 0.760
000101_000150/26900173.mp4 290 0.637 0.831
000051_000100/1066669036.mp4 335 1.698 1.375
000051_000100/1066663903.mp4 300 2.893 1.972
000001_000050/1066686946.mp4 1438 1.860 2.114
000301_000350/1045811902.mp4 1740 0.858 0.918
000251_000300/1015266823.mp4 722 0.869 0.767
000451_000500/19383358.mp4 901 1.586 1.346
000251_000300/630535.mp4 571 1.195 1.698
000351_000400/14505190.mp4 288 2.378 1.909
000351_000400/794344.mp4 301 0.285 0.334
000001_000050/1066699414.mp4 694 2.135 1.836
000251_000300/24987488.mp4 626 1.999 1.989
000401_000450/13737908.mp4 435 0.076 0.051
000351_000400/1011977924.mp4 436 0.490 0.537
000001_000050/1066683790.mp4 489 0.961 1.399
000301_000350/1019454937.mp4 450 1.432 1.577
000051_000100/1066674694.mp4 317 1.664 1.247
000351_000400/3828005.mp4 894 1.292 1.357
000201_000250/22585693.mp4 372 1.733 2.496
000351_000400/1015311757.mp4 492 2.363 1.971
000451_000500/1026463106.mp4 279 0.997 0.855
000101_000150/12208349.mp4 620 0.236 0.206
000351_000400/33840100.mp4 1052 0.409 0.582
000101_000150/1022341789.mp4 404 0.968 1.122
000401_000450/2667290.mp4 389 0.713 0.789
000351_000400/9619016.mp4 1670 1.092 0.745
000001_000050/1066684012.mp4 335 1.098 0.967
000051_000100/1066650388.mp4 332 1.198 1.271
000151_000200/1018451020.mp4 347 1.539 1.130
000051_000100/1066652950.mp4 306 0.337 0.262
000151_000200/1053462614.mp4 704 0.372 0.442
000251_000300/1024682657.mp4 768 1.087 1.197
000051_000100/1066653772.mp4 346 1.430 2.046
000251_000300/28137856.mp4 667 0.878 0.831
000101_000150/24710537.mp4 596 1.076 0.876
000301_000350/1052319262.mp4 395 0.633 0.817
000401_000450/13963925.mp4 540 0.141 0.202
000001_000050/1066674883.mp4 378 0.927 0.943
000001_000050/1066696675.mp4 260 1.340 1.733
000351_000400/27825874.mp4 391 1.814 2.015
000201_000250/1019279839.mp4 268 0.678 0.510
000401_000450/1036832372.mp4 498 0.829 0.776
000401_000450/1036542113.mp4 400 0.290 0.206
000401_000450/1017136801.mp4 345 0.542 0.781
000301_000350/8608189.mp4 972 1.486 1.593
000101_000150/1025249972.mp4 621 1.575 1.124
000301_000350/1040629760.mp4 870 0.769 0.649
000001_000050/1066690930.mp4 391 0.383 0.313
000051_000100/1066663423.mp4 421 1.239 0.839
000101_000150/12727049.mp4 799 1.078 1.290
000301_000350/19790311.mp4 621 1.937 2.897
000401_000450/23523514.mp4 291 0.693 0.705
000251_000300/24658661.mp4 314 1.753 1.938
000051_000100/1066673221.mp4 514 1.180 0.813
000051_000100/1066647820.mp4 404 1.089 1.599
000001_000050/1066708867.mp4 684 1.859 1.823
000401_000450/7382632.mp4 502 2.100 1.426
000001_000050/1066701868.mp4 273 0.601 0.901
000051_000100/1066652305.mp4 425 0.939 1.117
000301_000350/1025271086.mp4 414 2.069 1.678
000151_000200/18553898.mp4 257 1.563 2.259
000251_000300/1046694700.mp4 232 1.119 1.478
000251_000300/1059166664.mp4 456 1.165 1.449
000401_000450/1053252512.mp4 2435 0.487 0.525
000451_000500/1022695252.mp4 552 2.574 1.716
000401_000450/19179562.mp4 408 2.256 1.546
000051_000100/1066654804.mp4 297 1.306 1.496
000051_000100/1066650493.mp4 347 1.276 1.310
000151_000200/1039606943.mp4 328 1.711 1.752
000151_000200/6347069.mp4 555 0.251 0.331
000151_000200/1014930472.mp4 228 1.122 0.962
000201_000250/25815830.mp4 237 1.703 1.355
000251_000300/1008477802.mp4 435 0.392 0.469
000401_000450/1025443871.mp4 910 1.306 1.808
000051_000100/1066656508.mp4 538 0.993 0.914
000051_000100/1066674769.mp4 441 1.566 2.124
000401_000450/13794203.mp4 432 0.398 0.477
000101_000150/1033815875.mp4 310 1.438 1.679
000051_000100/1066656262.mp4 665 2.239 1.536
000351_000400/1032708635.mp4 470 0.932 1.133
000351_000400/1007711473.mp4 360 0.294 0.292
000051_000100/1066661677.mp4 701 2.594 1.840
000351_000400/1009429667.mp4 218 0.138 0.203
000051_000100/1066659751.mp4 1530 0.816 0.799
000151_000200/9708344.mp4 427 2.762 1.921
000101_000150/5243483.mp4 363 0.863 1.094
000251_000300/25062497.mp4 281 1.947 1.337
000001_000050/1066699168.mp4 215 0.645 0.838
000451_000500/1038466793.mp4 341 1.306 1.833
000401_000450/1055998832.mp4 301 0.718 1.028
000151_000200/6998209.mp4 317 0.335 0.289
000251_000300/13772579.mp4 284 1.755 2.603
000301_000350/3522182.mp4 378 0.252 0.336
000451_000500/9915500.mp4 585 0.835 0.562
000001_000050/1066721926.mp4 707 2.220 1.928
000101_000150/1041859417.mp4 247 0.715 0.909
000051_000100/1066669795.mp4 362 1.786 2.268
000301_000350/1054307804.mp4 621 0.554 0.457
000101_000150/32342332.mp4 339 1.825 2.277
000001_000050/1066700314.mp4 377 0.109 0.088
000351_000400/9051025.mp4 610 1.640 1.662
000101_000150/23010583.mp4 450 0.193 0.239
000001_000050/1066680223.mp4 283 1.743 2.051
000051_000100/1066654690.mp4 330 0.920 1.241
000051_000100/1066661257.mp4 361 0.564 0.829
000301_000350/5166665.mp4 317 1.570 2.120
000251_000300/1036466207.mp4 302 0.272 0.182
000251_000300/1034330822.mp4 1464 2.813 1.930
000451_000500/33516334.mp4 377 0.849 0.593
000301_000350/1061179849.mp4 270 1.530 1.769
000051_000100/1066674208.mp4 513 0.313 0.296
000101_000150/1060161272.mp4 385 2.010 1.703
000251_000300/1026122579.mp4 420 1.534 1.322
000101_000150/1052757056.mp4 255 0.308 0.343
000101_000150/23077690.mp4 618 0.275 0.321
000251_000300/1028198300.mp4 475 1.197 0.996
000251_000300/12795797.mp4 513 1.899 1.888
000001_000050/1066679620.mp4 451 0.260 0.206
000451_000500/3545411.mp4 870 1.011 1.479
000201_000250/13945223.mp4 360 1.818 2.064
000001_000050/1066687303.mp4 2523 0.513 0.681
000401_000450/350350.mp4 450 1.467 1.623
000351_000400/1054183859.mp4 740 0.842 1.043
000151_000200/26241866.mp4 231 2.700 1.807
000251_000300/29847121.mp4 850 1.715 2.418
000401_000450/1053068864.mp4 1484 0.067 0.052
000251_000300/1040107451.mp4 320 1.079 0.940
000351_000400/1017746626.mp4 342 0.253 0.192
000001_000050/1066694821.mp4 870 0.279 0.326
000151_000200/1008279109.mp4 221 0.253 0.173
000151_000200/10853966.mp4 361 1.346 1.125
000451_000500/1058963024.mp4 332 1.757 2.097
000151_000200/1021727182.mp4 427 0.201 0.234
000051_000100/1066661875.mp4 539 0.914 0.655
000251_000300/1023074599.mp4 360 0.993 0.754
000251_000300/1041703837.mp4 624 0.374 0.543
000051_000100/1066670038.mp4 421 0.615 0.446
000051_000100/1066660564.mp4 1525 2.651 1.876
000101_000150/1012688501.mp4 1019 1.811 2.357
000001_000050/1066699822.mp4 240 0.918 1.158
000151_000200/19408570.mp4 870 1.565 1.277
000151_000200/1041847132.mp4 414 0.340 0.442
000301_000350/29351044.mp4 300 1.395 1.617
000401_000450/3951629.mp4 699 0.921 1.089
000051_000100/1066660612.mp4 418 0.841 0.857
000201_000250/1011688283.mp4 458 0.756 0.544
000301_000350/26375171.mp4 840 0.974 0.897
000451_000500/32654440.mp4 548 0.955 0.647
000101_000150/1026726590.mp4 536 0.525 0.415
000001_000050/1066697122.mp4 544 1.504 1.345
000051_000100/1066651261.mp4 696 1.055 0.897
000401_000450/1046160754.mp4 1212 1.662 1.152
000201_000250/1022235187.mp4 521 0.344 0.286
000051_000100/1066671190.mp4 230 0.654 0.512
000051_000100/1066653697.mp4 388 1.608 1.358
000251_000300/21762469.mp4 331 0.332 0.459
000251_000300/1065843079.mp4 331 0.980 0.805
000151_000200/8320132.mp4 1306 2.376 1.591
000301_000350/1015648237.mp4 658 1.568 1.739
000151_000200/29429932.mp4 630 1.857 1.839